0 0
1 0
2 0
3 0
4 0
5 0
6 0
7 0
8 0
9 0
10 8
11 15
12 11
13 18
14 33
15 40
16 37
17 57
18 57
19 86
20 72
21 89
22 130
23 112
24 126
25 132
26 143
27 191
28 167
29 200
30 181
31 193
32 215
33 225
34 246
35 242
36 251
37 253
38 259
39 300
40 325
41 328
42 324
43 334
44 379
45 350
46 355
47 379
48 409
49 415
50 411
51 412
52 429
53 437
54 444
55 449
56 474
57 471
58 512
59 509
60 542
61 480
62 533
63 538
64 541
65 545
66 569
67 589
68 571
69 589
70 590
71 604
72 634
73 624
74 622
75 629
76 634
77 666
78 630
79 676
80 663
81 680
82 692
83 684
84 687
85 706
86 729
87 707
88 704
89 733
90 722
91 730
92 724
93 728
94 748
95 753
96 764
97 758
98 749
99 762
100 778
101 780
102 775
103 793
104 797
105 784
106 785
107 786
108 851
109 798
110 829
111 812
112 835
113 823
114 828
115 846
116 856
117 856
118 858
119 829
120 861
121 873
122 855
123 878
124 861
125 871
126 867
127 883
128 896
129 868
130 878
131 868
132 904
133 881
134 890
135 890
136 900
137 906
138 899
139 911
140 903
141 910
142 910
143 899
144 901
145 912
146 922
147 918
148 933
149 918
150 929
151 937
152 934
153 928
154 933
155 927
156 948
157 932
158 930
159 943
160 947
161 949
162 941
163 932
164 944
165 931
166 939
167 949
168 938
169 954
170 932
171 955
172 957
173 954
174 955
175 952
176 949
177 970
178 956
179 952
180 954
181 956
182 962
183 964
184 961
185 964
186 962
187 977
188 972
189 956
190 973
191 975
192 968
193 964
194 970
195 973
196 984
197 974
198 962
199 981
200 967
201 975
202 976
203 975
204 978
205 986
206 975
207 988
208 980
209 974
210 977
211 978
212 977
213 986
214 981
215 984
216 976
217 980
218 982
219 987
220 981
221 982
222 986
223 980
224 983
225 983
226 989
227 989
228 977
229 981
230 986
231 987
232 991
233 990
234 989
235 987
236 993
237 991
238 988
239 987
240 993
241 994
242 993
243 985
244 989
245 984
246 991
247 993
248 991
249 994
250 992
251 988
252 995
253 995
254 988
255 997
256 994
257 996
258 991
259 990
260 994
261 994
262 995
263 989
264 997
265 996
266 999
267 992
268 994
269 995
270 994
271 992
272 993
273 996
274 996
275 993
276 990
277 996
278 999
279 998
280 995
281 996
282 994
283 998
284 997
285 995
286 995
287 1000
288 998
289 1000
290 998
291 998
292 996
293 997
294 998
295 996
296 998
297 997
298 997
299 999
300 999
301 998
302 997
303 997
304 996
305 997
306 999
307 996
308 998
309 999
310 997
311 997
312 999
313 999
314 999
315 998
316 996
317 997
318 997
319 1000
320 1000
321 1000
322 993
323 1000
324 999
325 999
326 996
327 998
328 998
329 999
330 1000
331 998
332 998
333 1000
334 999
335 999
336 1000
337 1000
338 998
339 999
340 999
341 998
342 999
343 996
344 997
345 999
346 1000
347 998
348 1000
349 999
350 998
351 1000
352 998
353 997
354 999
355 1000
356 998
357 998
358 1000
359 999
360 1000
361 1000
362 998
363 1000
364 1000
365 998
366 1000
367 999
368 999
369 1000
370 999
371 998
372 1000
373 1000
374 999
375 999
376 1000
377 1000
378 1000
379 1000
380 1000
381 999
382 1000
383 998
384 1000
385 1000
386 999
387 1000
388 1000
389 999
390 1000
391 1000
392 1000
393 998
394 1000
395 1000
396 1000
397 1000
398 1000
399 1000
400 1000
401 1000
402 1000
403 999
404 1000
405 1000
406 1000
407 999
408 1000
409 1000
410 1000
411 1000
412 1000
413 1000
414 1000
415 1000
416 1000
417 1000
418 999
419 1000
420 1000
421 1000
422 1000
423 1000
424 999
425 999
426 1000
427 999
428 1000
429 1000
430 1000
431 1000
432 1000
433 1000
434 1000
435 1000
436 1000
437 1000
438 1000
439 998
440 1000
441 1000
442 1000
443 1000
444 1000
445 1000
446 1000
447 1000
448 999
449 1000
450 999
451 1000
452 1000
453 1000
454 1000
455 999
456 1000
457 1000
458 1000
459 1000
460 1000
461 1000
462 1000
463 999
464 1000
465 1000
466 1000
467 1000
468 999
469 1000
470 1000
471 1000
472 1000
473 1000
474 1000
475 1000
476 1000
477 1000
478 1000
479 1000
480 1000
481 1000
482 1000
483 1000
484 1000
485 1000
486 1000
487 1000
488 1000
489 1000
490 1000
491 1000
492 1000
493 1000
494 1000
495 1000
496 1000
497 1000
498 1000
499 1000
