450 57.0
450 94.69424480928078
450 58.27520913733386
450 47.62352359916263
450 101.33607452432722
450 42.320207938997655
450 106.7848303833461
450 75.0
450 47.148700936505136
450 24.06241883103193
450 73.9932429347437
450 93.40235543068493
450 99.60421677820673
450 103.76415566080611
450 78.01922839915811
450 71.58212067269312
450 56.20498198558558
450 30.789608636681304
450 18.24828759089466
450 43.508619835614184
450 117.43508845315355
450 44.1927595879687
450 52.73518749374084
450 61.55485358604957
450 111.01351269102334
450 39.0
450 114.3547113152755
450 72.64296249465602
450 94.50396817065408
450 46.50806381693394
450 79.89993742175271
450 27.2213151776324
450 58.5064099052403
450 82.17663901620703
450 129.27876855849146
450 25.514701644346147
450 76.60287200882223
450 72.39475119095306
450 88.70738413458037
450 51.64300533470142
450 59.924953066314536
450 68.4324484437025
450 72.0832851637604
450 26.210684844162312
450 52.04805471869242
450 85.13518661517105
450 10.392304845413264
450 70.54785609782908
450 30.347981810987037
450 96.76259607927021
450 48.49742261192856
450 54.11099703387473
450 19.974984355438178
450 37.986839826445156
450 26.999999999999996
450 55.749439459065414
450 15.874507866387543
450 64.78425734698207
450 58.966091951222275
450 69.34695379034324
450 36.373066958946424
450 30.643106892089126
450 76.54410493303844
450 53.693575034635195
450 85.08231308562314
450 72.642962494656
450 84.65813605318746
450 93.01612763386788
450 73.66817494685205
450 53.075418038862395
450 64.36614016701638
450 86.18584570566097
450 49.50757517794625
450 98.36157786453
450 17.578395831246947
450 66.02272336097626
450 76.60287200882223
450 52.04805471869241
450 67.8159273327439
450 73.66817494685205
450 39.949968710876355
450 36.864617182333525
450 84.44524853418338
450 66.15889962809237
450 79.95623803056269
450 24.979991993593593
450 32.449961479175904
450 102.65963179361204
450 63.21392251711643
450 101.60216533125659
450 58.40376700179535
450 33.04542328371661
450 43.71498598878879
450 27.495454169735037
450 99.60421677820673
450 63.66317616958802
450 131.32783406422266
450 65.3834841531101
450 40.7308237088326
450 90.21640649017229
450 57.0
450 16.522711641858304
450 42.035699113967404
450 60.09991680526688
450 85.08231308562314
450 94.50396817065408
450 60.91797764207213
450 83.21057625085888
450 46.57252408878007
450 64.64518543557594
450 42.67317658670374
450 80.66597795849252
450 45.92385001282014
450 33.406586176980134
450 78.46018098373213
450 90.515192095029
450 74.35724578008521
450 51.176166327695945
450 74.27651041883968
450 62.856980519270884
450 34.11744421846396
450 24.0
450 40.84115571332428
450 50.76416058598822
450 70.05711955254797
450 27.2213151776324
450 49.1121166312347
450 58.0430874437258
450 62.6418390534633
450 108.49884792015074
450 60.09991680526688
450 87.6184911990614
450 74.11477585475112
450 127.78497564267875
450 54.11099703387473
450 61.652250567193406
450 64.13267497929586
450 84.07139822793481
450 54.0277706369604
450 49.50757517794625
450 51.02940328869229
450 85.43418519538885
450 35.79106033634656
450 80.2932126645833
450 68.4324484437025
450 31.22498999199199
450 42.532340636273474
450 31.32091952673165
450 42.567593307585526
450 13.527749258468683
450 79.9937497558403
450 65.88626564011653
450 90.34932207825356
450 76.73982017179868
450 12.0
450 6.244997998398398
450 82.21313763626833
450 103.18430113151904
450 121.00826418059222
450 49.50757517794625
450 39.949968710876355
450 61.7980582219215
450 4.58257569495584
450 34.07345007480164
450 110.26785569693463
450 45.92385001282014
450 76.1511654539837
450 68.60757975617562
450 104.32641084595981
450 58.5576638878294
450 74.35724578008521
450 63.21392251711643
450 34.77067730142742
450 27.2213151776324
450 126.8897158953396
450 37.986839826445156
450 67.61656601750786
450 66.34003316248794
450 37.589892258425
450 43.508619835614184
450 60.6217782649107
450 86.02906485601247
450 124.57527844640765
450 22.516660498395403
450 89.14594774862175
450 72.02083032012335
450 25.514701644346147
450 66.20422947214173
450 35.53871128783372
450 56.789083458002736
450 77.44029958619736
450 67.54998149518622
450 63.23764701504951
450 75.0199973340442
450 96.1405221537724
450 62.52199612936234
450 74.05403432629447
450 81.18497397917918
450 60.09991680526687
450 91.53687781435414
451 40.336088060197405
451 66.05300901548695
451 75.34586916347837
451 56.02677931132576
451 50.566787519082126
451 119.37755232873558
451 37.242448899072144
451 46.357307945997036
451 64.09368143584825
451 26.514147167125703
451 65.5972560401729
451 43.0
451 44.0
451 67.55738301621814
451 86.81589716175259
451 46.87216658103186
451 80.5791536316931
451 36.59234892706397
451 51.97114584074513
451 66.7757440991862
451 87.50428560933459
451 98.48857801796105
451 78.79086241436883
451 64.09368143584827
451 75.54468876102409
451 57.61076288333631
451 47.885279575251516
451 101.11874208078342
451 54.064775963653084
451 48.56953777832356
451 103.11643903859364
451 100.0
451 27.622454633866266
451 30.512292604784715
451 45.574115460423364
451 43.31281565541543
451 68.24221567329126
451 88.66228059327146
451 80.52328855678958
451 29.715315916207253
451 89.06739021662193
451 102.50365847129554
451 41.14608122288197
451 23.065125189341593
451 75.62407024221852
451 52.08646657242167
451 57.16642371182581
451 84.5931439302264
451 32.7414110874898
451 53.563046963368315
451 49.0
451 84.00595217006948
451 61.48983655857283
451 69.93568473962344
451 91.93475947648963
451 63.835726674018524
451 81.43095234614415
451 62.55397669213365
451 39.88734135035826
451 78.08328886515987
451 80.20598481410225
451 111.71839597846005
451 90.5704145954958
451 56.0
451 116.52896635600952
451 54.56189146281496
451 47.791212581394085
451 81.83520025025906
451 103.3634364753804
451 86.26123115281858
451 63.17436188834834
451 42.7551166528639
451 16.822603841260722
451 46.87216658103186
451 30.315012782448235
451 41.58124577258358
451 63.788713735268246
451 48.53864439804639
451 86.26123115281858
451 48.692915295759406
451 32.78719262151
451 77.9487010796203
451 79.01898506055363
451 82.52878285786117
451 98.01530492734285
451 57.66281297335398
451 3.9999999999999996
451 45.50824101193101
451 54.945427471264615
451 81.9084855189009
451 50.269274910227224
451 22.271057451320086
451 68.43975452907469
451 64.8613906727261
451 86.88498144098322
451 46.0
451 72.19418259112018
451 33.77869150810907
451 51.21523210920751
451 67.84541251993387
451 75.28612089887484
451 98.73196037757987
451 102.3132444994293
451 54.67174773134658
451 41.2189276910499
451 56.02677931132576
451 31.0
451 8.888194417315589
451 64.95382975621992
451 66.18912297349165
451 73.08214556237385
451 65.09224224129939
451 36.59234892706397
451 80.80222769206304
451 60.90155991434045
451 106.88779163215975
451 54.064775963653084
451 101.94606417120771
451 76.21679604916491
451 56.10704055642215
451 94.65199416811036
451 49.759421218498915
451 30.315012782448235
451 64.21059102671458
451 25.238858928247925
451 67.17886572427373
451 79.56758133813042
451 97.89279850938985
451 48.56953777832356
451 72.77362159464101
451 32.92415526630866
451 93.2148056909416
451 59.85816569190874
451 105.65983153497832
451 66.73080248281148
451 62.55397669213365
451 31.192947920964443
451 57.99999999999999
451 46.8081189538738
451 94.57272334029511
451 44.50842616853577
451 71.92357054540605
451 53.225933528685054
451 64.49030934954492
451 41.32795663954365
451 54.67174773134658
451 94.93682109698007
451 80.876448982383
451 62.21736092120912
451 54.836119483420774
451 21.656407827707714
451 14.933184523068078
451 84.53993139339539
451 20.8806130178211
451 84.1130192063036
451 82.41965784932621
451 66.7757440991862
451 111.85258155268478
451 44.97777228809804
451 78.04485889538144
451 31.575306807693888
451 51.97114584074513
451 32.51153641401772
451 68.19824044651006
451 16.09347693943108
451 51.21523210920751
451 43.86342439892262
451 25.709920264364882
451 53.113086899558
451 91.68969407736073
451 65.96211033616193
451 94.57272334029511
451 65.04613747179766
451 29.512709126747414
451 83.5404093837228
451 62.74551776820397
451 74.90660852021001
451 45.70557952810576
451 60.00833275470999
451 77.9487010796203
451 78.88599368709251
451 73.69531871157082
451 62.55397669213365
451 40.149719799769464
451 63.26926584053272
451 95.77055915050302
451 81.43095234614415
451 56.32051136131489
451 103.1309846748299
451 5.291502622129181
451 91.65696918401787
451 20.808652046684813
451 69.63476143421474
451 51.419840528729765
451 101.42977866484773
451 24.269322199023193
451 44.50842616853577
451 99.80480950335009
451 38.0
451 39.35733730830886
452 51.264022471905186
452 100.41414243023738
452 70.76015828133795
452 61.99193495931547
452 57.23635208501674
452 94.72592042308166
452 56.31163290120435
452 72.39475119095306
452 73.3007503372237
452 59.016946718718
452 39.0
452 49.1121166312347
452 84.870489570875
452 61.7980582219215
452 64.08587988004847
452 98.2242332624694
452 57.23635208501673
452 39.0
452 113.45924378383631
452 57.262553208881634
452 37.5099986670221
452 60.67124524847005
452 69.90708118638626
452 55.749439459065414
452 34.77067730142742
452 60.695963621974066
452 77.38216848861241
452 64.50581369148055
452 42.46174749112429
452 36.373066958946424
452 30.049958402633436
452 88.84255736976509
452 43.9203825119955
452 11.357816691600547
452 54.69003565550127
452 53.777318638995006
452 39.153543900903784
452 60.89334939055331
452 84.87048957087498
452 118.75605247733692
452 107.17742299570372
452 82.86736390159881
452 59.57348403442592
452 89.11228871485683
452 39.03844259188627
452 54.249423960075376
452 83.04817878797824
452 55.072679252057455
452 40.58324777540605
452 50.40833264451424
452 25.632011235952593
452 89.14594774862175
452 54.4426303552648
452 100.50373127401788
452 48.49742261192856
452 108.34666584625482
452 19.974984355438178
452 93.67496997597597
452 24.979991993593593
452 34.77067730142742
452 69.77822009767804
452 44.79955356920423
452 46.57252408878007
452 78.47929663293371
452 84.01785524517987
452 81.55366331440912
452 82.72242743053422
452 42.567593307585526
452 95.68698971124547
452 40.951190458886536
452 77.82673062643708
452 51.264022471905186
452 43.71498598878879
452 101.60216533125659
452 42.035699113967404
452 81.1664955508121
452 36.16628264005025
452 35.369478367654786
452 53.693575034635195
452 60.32412452742269
452 88.53812738024223
452 93.78699270154684
452 104.45573225055675
452 57.41950887982237
452 60.024994793835674
452 46.89349635077342
452 57.9396237474839
452 61.50609725872712
452 105.65509926170151
452 15.099668870541498
452 63.66317616958802
452 62.52199612936234
452 51.96152422706631
452 118.57908753233008
452 103.67738422626218
452 56.31163290120435
452 101.33607452432722
452 43.9203825119955
452 65.81793068761733
452 89.44830909525344
452 29.546573405388315
452 75.71657678474378
452 10.392304845413264
452 94.12226091632095
452 50.586559479766954
452 39.68626966596886
452 18.24828759089466
452 78.07688518377255
452 55.749439459065414
452 73.25981162956946
452 7.937253933193772
452 31.176914536239792
452 95.68698971124549
452 96.1405221537724
452 67.50555532695068
452 38.22302970723278
452 78.63205453248695
452 119.54915307102765
452 36.864617182333525
452 50.46781152378217
452 62.95236294214857
452 85.08231308562314
452 93.01612763386788
452 68.23488843692792
452 12.12435565298214
452 24.24871130596428
452 73.9932429347437
452 46.861498055439924
452 100.50373127401788
452 88.50423718670197
452 64.08587988004847
452 17.05872210923198
452 45.92385001282014
452 40.28647415696737
452 68.5638388656878
452 71.26710321038733
452 47.65501022977542
452 64.50581369148055
452 42.0
452 79.88116173416608
452 24.24871130596428
452 117.05127081753534
452 72.51896303726357
452 59.09314681077663
452 58.27520913733386
452 32.90896534380867
452 82.7768083462995
452 73.62744053679987
452 80.55432949258531
452 78.93668348746354
452 42.67317658670373
452 59.57348403442592
452 90.8129946648606
452 51.11751167652823
452 68.5638388656878
452 85.74963556773871
452 74.71947537289057
452 108.0555412739208
452 79.22120928135344
452 65.79513659838392
452 82.39538822045806
452 4.58257569495584
452 56.7097875150313
452 68.14690014960328
452 65.81793068761733
452 35.02855977627399
452 34.77067730142742
452 40.50925820105819
452 85.34635317340746
452 58.27520913733386
452 112.74307074051158
452 65.10760324263211
452 42.883563284783136
452 41.677331968349414
452 37.986839826445156
452 58.81326381013045
452 70.16409338115899
452 17.320508075688775
452 60.89334939055331
452 45.39823785126466
452 55.83009940883144
452 42.14261501141095
452 62.856980519270884
452 7.549834435270749
452 73.9932429347437
452 76.54410493303844
452 28.827070610799147
452 90.06664199358161
452 59.57348403442592
452 52.507142371300304
452 37.5099986670221
452 72.27032586061861
452 52.421369688324624
452 26.664583251946766
452 97.87236586493657
452 68.14690014960328
452 46.57252408878007
452 12.12435565298214
452 84.07139822793481
452 35.79106033634656
453 51.884487084291386
453 37.403208418530085
453 40.44749683231337
453 89.26925562588724
453 119.0
453 61.61168720299745
453 97.50897394599124
453 91.41115905621152
453 105.30432089900205
453 59.10160742314882
453 51.44900387762624
453 82.27393268830657
453 28.0
453 72.91776189653656
453 70.06425622241343
453 60.23288138550239
453 48.569537778323564
453 45.17742799230607
453 70.14983962918234
453 67.29041536504289
453 78.08328886515987
453 70.49113419430843
453 92.60129588726066
453 46.87216658103186
453 43.55456348076513
453 92.45539465060976
453 82.6559132790873
453 46.130250378683186
453 45.73838650411709
453 42.33202097703345
453 79.01898506055365
453 70.0
453 88.7637313321156
453 53.113086899558
453 19.313207915827967
453 14.422205101855956
453 63.788713735268246
453 80.72793816269557
453 82.41965784932621
453 96.19251530134763
453 38.742741255621034
453 41.036569057366385
453 56.02677931132576
453 22.338307903688676
453 62.21736092120912
453 76.21679604916491
453 85.56284240252891
453 25.059928172283335
453 91.88579868510693
453 21.37755832643195
453 51.39066063011839
453 81.87185108448446
453 126.14673994994877
453 106.52229813517918
453 58.20652884342099
453 54.616847217685496
453 126.19429464123962
453 71.12664760833313
453 93.47192091746055
453 28.478061731796284
453 107.4616210560775
453 78.08328886515987
453 41.58124577258358
453 99.9849988748312
453 31.192947920964443
453 66.46051459325304
453 86.06973916540005
453 49.66890375275057
453 47.696960070847275
453 80.31811750782012
453 52.829915767489155
453 75.62407024221852
453 34.0
453 61.147362984841784
453 62.21736092120912
453 59.50630218724736
453 48.569537778323564
453 18.027756377319946
453 28.844410203711913
453 70.19259220174163
453 37.8021163428716
453 76.41334961902926
453 82.8190799272728
453 91.0659101969557
453 43.31281565541543
453 73.32803011127463
453 71.18988692223074
453 50.714889332423866
453 72.91776189653656
453 21.37755832643195
453 37.72267222772003
453 35.76310948449533
453 91.68969407736073
453 74.62573282722254
453 14.933184523068078
453 74.50503338701353
453 100.37429949942364
453 102.83968105745953
453 88.42510955605314
453 88.45903006477066
453 74.58552138317462
453 61.09828148156051
453 24.879710609249454
453 54.836119483420774
453 98.9595877113481
453 65.64297372910524
453 56.66568626602875
453 86.08716512930368
453 31.575306807693888
453 79.37883848986453
453 15.716233645501712
453 76.49182962905255
453 75.94076639065476
453 59.3548650070068
453 50.08991914547278
453 59.757844673314644
453 41.32795663954365
453 110.53053876644228
453 79.64295323504773
453 57.50652136931949
453 100.47885349664375
453 81.50460109711598
453 52.11525688318153
453 70.19259220174163
453 95.39392014169457
453 33.8673884437522
453 76.41334961902926
453 82.07313811473276
453 103.01456207740729
453 70.08566187174092
453 33.645207682521445
453 49.03060268852505
453 41.0
453 74.90660852021001
453 63.92964883369844
453 62.553976692133645
453 71.71471257698799
453 64.37390775772433
453 71.50524456289902
453 28.844410203711913
453 46.93612681080534
453 45.967379738244816
453 58.89821729050889
453 41.90465367951393
453 48.75448697299562
453 111.13955191559843
453 5.5677643628300215
453 74.48489779814429
453 51.97114584074513
453 28.0
453 35.93048844644336
453 44.54211490264017
453 59.02541825349483
453 62.7933117457584
453 61.02458520956943
453 37.04051835490427
453 53.67494760127857
453 99.2320512737694
453 31.192947920964443
453 58.64298764558299
453 64.5832795698701
453 53.225933528685054
453 45.17742799230607
453 100.16486409914407
453 83.01807032206904
453 79.30321557162736
453 78.61933604400383
453 88.7637313321156
453 44.23799272118933
453 69.76388750635962
453 67.80117993073571
453 89.03370148432559
453 60.00833275470999
453 55.86591089385369
453 92.86010984270911
453 43.31281565541543
453 49.03060268852505
453 59.22837157984339
453 53.563046963368315
453 42.7551166528639
453 58.61740355901138
453 42.930175867331364
453 85.10581648747633
453 53.70288632839021
453 62.864934582006846
453 83.61220006673666
453 77.07788269017254
453 75.7429864739964
453 60.60528029800703
453 72.95889253545451
453 20.074859899884732
453 97.07728879609277
453 68.24221567329126
453 34.65544690232691
453 75.9012516365837
453 48.815980989835694
453 68.78953408767936
453 55.758407437802596
453 55.054518434003214
453 53.563046963368315
454 87.840765023991
454 42.461747491124285
454 22.9128784747792
454 45.39823785126467
454 64.96922348312314
454 60.67124524847005
454 43.09292285283048
454 87.58424515859002
454 94.53570753953238
454 94.69424480928078
454 46.119410230400824
454 66.09084656743322
454 54.74486277268397
454 90.14987520790032
454 50.10987926547019
454 35.156791662493895
454 79.89993742175271
454 51.02940328869229
454 117.9703352542494
454 96.23408959407263
454 46.604720790924176
454 96.14052215377238
454 44.395945760846224
454 97.04122835166504
454 44.395945760846224
454 57.23635208501673
454 49.50757517794625
454 66.90291473471092
454 108.29127388668027
454 100.9504829111778
454 65.47518613948341
454 73.72923436466705
454 73.9932429347437
454 26.664583251946766
454 23.430749027719962
454 60.22457969965419
454 55.83009940883144
454 120.76009274590675
454 64.96922348312314
454 69.21704992268884
454 88.84255736976509
454 45.92385001282014
454 23.811761799581316
454 3.0
454 61.99193495931547
454 89.14594774862175
454 41.569219381653056
454 51.64300533470143
454 106.15083607772479
454 57.47173218200405
454 107.72186407596185
454 81.4616474176652
454 85.76712656956627
454 57.41950887982237
454 91.70059977993601
454 68.0367547726962
454 83.80334122217323
454 84.44524853418338
454 84.07139822793481
454 26.888659319497503
454 15.874507866387544
454 67.50555532695068
454 22.64950330581225
454 46.89349635077342
454 62.44997998398398
454 56.789083458002736
454 67.8159273327439
454 69.34695379034324
454 68.82586723027906
454 48.0
454 128.79052760199409
454 47.843494855622744
454 13.07669683062202
454 48.12483766206386
454 98.14784765851975
454 91.53687781435414
454 65.88626564011653
454 85.85452812752511
454 72.51896303726357
454 79.05061669588669
454 106.78483038334612
454 49.92995093127971
454 88.38551917593742
454 69.19537556802477
454 80.06872048434394
454 107.55463727799001
454 59.924953066314536
454 131.63586137523467
454 72.02083032012335
454 54.249423960075376
454 71.26710321038733
454 94.53570753953238
454 30.789608636681304
454 52.04805471869241
454 90.9450383473447
454 70.73895673530957
454 75.71657678474378
454 57.654141221598294
454 147.25488107359973
454 22.64950330581225
454 78.93668348746354
454 42.883563284783136
454 33.71943060017473
454 20.42057785666214
454 53.018864567246254
454 96.57639463140049
454 95.16827202382105
454 47.65501022977542
454 26.210684844162312
454 42.320207938997655
454 79.89993742175271
454 46.184412955021955
454 91.34002408582998
454 92.96773633901172
454 22.11334438749598
454 44.19275958796871
454 88.09653795694811
454 50.10987926547019
454 70.05711955254797
454 73.9932429347437
454 54.4426303552648
454 72.642962494656
454 73.01369734508724
454 79.16438593205912
454 27.2213151776324
454 45.13313638558703
454 49.56813492557492
454 71.89575787207475
454 60.6217782649107
454 48.774993593028796
454 28.618176042508367
454 38.1051177665153
454 39.949968710876355
454 80.55432949258531
454 99.24212815130478
454 89.61584681293817
454 92.67685795278129
454 81.01851640211638
454 49.68903299521938
454 74.93997598078077
454 27.055498516937366
454 65.3834841531101
454 75.0199973340442
454 68.7386354243376
454 86.65448632355972
454 65.81793068761733
454 53.35728628781639
454 16.522711641858304
454 49.38623289946298
454 62.856980519270884
454 54.0277706369604
454 77.12976079309465
454 88.38551917593742
454 53.693575034635195
454 72.02083032012335
454 37.986839826445156
454 81.55366331440912
454 57.02630971753301
454 49.50757517794625
454 80.72174428244226
454 40.95119045888654
454 40.84115571332428
454 43.57751713900185
454 83.13843876330611
454 56.31163290120435
454 65.79513659838392
454 64.36614016701638
454 28.827070610799147
454 48.28043081829324
454 48.86716689148246
454 73.66817494685205
454 75.35914012248281
454 22.64950330581225
454 58.88972745734183
454 82.28608630868283
454 30.347981810987037
454 23.430749027719962
454 69.54135460285484
454 80.2932126645833
454 100.26464980241042
454 51.176166327695945
454 113.96051947933547
454 46.119410230400824
454 42.320207938997655
454 91.34002408582998
454 85.13518661517105
454 75.43871685016919
454 44.19275958796871
454 51.64300533470143
454 104.32641084595981
454 44.93328387732194
454 77.82673062643708
454 53.693575034635195
454 9.16515138991168
454 93.20944158184835
454 57.105166141076936
454 96.10931276416453
454 42.532340636273474
454 68.7386354243376
454 85.08231308562314
455 122.42957159118053
455 33.28663395418648
455 102.19589032832974
455 21.37755832643195
455 67.29041536504289
455 55.21775076911409
455 51.15662224971465
455 106.85972113008718
455 29.614185789921695
455 60.852280154485584
455 85.63293758829018
455 29.46183972531247
455 95.89577675789482
455 44.57577817604534
455 23.515952032609693
455 49.27473997901968
455 51.884487084291386
455 110.17713011328621
455 47.0
455 43.31281565541543
455 67.0
455 66.55073252789934
455 57.688820407423826
455 26.28687885618983
455 91.93475947648963
455 90.53728513711906
455 44.91102314577124
455 97.89279850938985
455 69.50539547402057
455 63.221831672294975
455 39.66106403010388
455 54.616847217685496
455 79.03796556086195
455 46.93612681080534
455 32.18695387886216
455 20.808652046684813
455 68.11020481543129
455 39.84971769034255
455 53.81449618829484
455 63.41135544995076
455 66.57326790837296
455 61.587336360651285
455 45.177427992306065
455 91.01648202386203
455 44.23799272118932
455 73.36893075410055
455 102.82509421342633
455 42.2965719651132
455 93.2148056909416
455 55.46169849544819
455 119.51568934662929
455 85.5102333057278
455 92.50405396521819
455 20.074859899884732
455 95.59811713626999
455 26.229754097208
455 48.692915295759406
455 74.64583042608608
455 24.758836806279895
455 23.515952032609693
455 41.90465367951392
455 44.710177812216315
455 31.192947920964443
455 77.01947805587882
455 48.07286136688766
455 37.0
455 46.8081189538738
455 92.40670971309389
455 116.25833303466896
455 58.12916651733448
455 41.58124577258358
455 49.12229636326054
455 61.245407991130236
455 101.13357503816425
455 57.16642371182581
455 96.27045237246992
455 26.28687885618983
455 56.0
455 80.43009387039157
455 83.5404093837228
455 50.38849074937649
455 52.7162214123888
455 58.38664230798
455 104.70434565957613
455 99.45853407325085
455 40.0374824383352
455 31.953090617340916
455 83.16249154516716
455 89.5041898460625
455 26.962937525425527
455 52.08646657242167
455 68.35202996254024
455 54.064775963653084
455 38.97435053981015
455 44.034077712607996
455 41.617304093369626
455 70.0
455 58.92367945062494
455 40.44749683231337
455 64.02343321003646
455 87.12634503983281
455 71.10555533852471
455 78.56207736560943
455 35.679125549822544
455 76.53103945458993
455 28.999999999999996
455 36.51027252705737
455 26.514147167125703
455 61.14736298484179
455 59.430631832414505
455 77.272245987806
455 78.58116822750856
455 49.42671342502958
455 35.76310948449533
455 24.515301344262525
455 51.09794516416487
455 71.04224095564554
455 110.01363551851198
455 109.23369443537099
455 85.15867542417507
455 54.286278192559855
455 44.23799272118933
455 80.98765338000602
455 105.53198567259123
455 46.87216658103186
455 67.08949247087803
455 116.06463716395274
455 29.0516780926679
455 73.81734213584231
455 82.4378553820998
455 57.81868210189506
455 60.35726965329032
455 63.52952069707436
455 92.82779756085996
455 104.44615837837216
455 94.63614531456784
455 60.852280154485584
455 63.52952069707436
455 30.116440692751194
455 82.0
455 26.514147167125703
455 64.21059102671458
455 56.66568626602875
455 44.57577817604534
455 59.80802621722272
455 75.02666192761077
455 63.45864795282043
455 87.22958213817145
455 38.118237105091836
455 117.09397934992217
455 80.31811750782012
455 80.5791536316931
455 59.10160742314882
455 30.51229260478471
455 42.930175867331364
455 39.585350825778974
455 71.75653280364095
455 26.229754097208
455 60.23288138550239
455 86.01744009211156
455 68.08817812219681
455 52.0
455 38.157568056677825
455 70.0
455 62.21736092120912
455 44.97777228809804
455 31.0
455 76.92203845452875
455 43.139309220245984
455 53.73081052803875
455 21.93171219946131
455 55.054518434003214
455 58.64298764558299
455 29.30870177950569
455 76.53103945458993
455 56.0
455 13.999999999999998
455 94.57272334029511
455 38.62641583165593
455 110.0
455 61.245407991130236
455 62.07253821135398
455 24.576411454889016
455 68.43975452907469
455 33.421549934136806
455 77.17512552629894
455 60.23288138550239
455 81.50460109711598
455 52.88667128870941
455 95.59811713626999
455 80.16857239592083
455 92.14662229295223
455 56.34713834792323
455 64.25729530566937
455 26.0
455 19.313207915827967
455 33.06055050963308
455 55.65069631190611
455 89.5377015563835
455 77.15568676384133
456 100.53357648069623
456 15.394804318340652
456 103.28601066940286
456 70.54785609782908
456 44.19275958796871
456 44.19275958796871
456 37.26929030716845
456 42.035699113967404
456 103.50362312499017
456 6.928203230275509
456 53.693575034635195
456 39.230090491866065
456 40.50925820105819
456 67.94850991743675
456 76.44605941446557
456 81.01851640211638
456 26.888659319497503
456 84.33860326090301
456 55.50675634551167
456 54.69003565550127
456 97.54998718605759
456 70.63285354564121
456 60.6217782649107
456 104.48444860360799
456 52.848841046895245
456 43.57751713900185
456 69.19537556802477
456 45.39823785126467
456 53.3572862878164
456 26.210684844162312
456 53.86093203798092
456 104.88565202161828
456 45.13313638558703
456 59.924953066314536
456 92.41753080449618
456 28.618176042508367
456 69.90708118638626
456 52.04805471869242
456 30.04995840263344
456 54.69003565550127
456 54.52522352086234
456 38.301436004411116
456 53.35728628781639
456 34.597687784012386
456 83.37265738837884
456 62.95236294214857
456 42.320207938997655
456 70.37755323965163
456 85.43418519538885
456 42.035699113967404
456 96.70056876771719
456 27.2213151776324
456 84.55175929571188
456 90.41570660012562
456 96.10931276416453
456 79.22120928135344
456 45.2990066116245
456 34.07345007480164
456 41.569219381653056
456 46.50806381693394
456 48.49742261192856
456 58.966091951222275
456 81.68231142664854
456 44.53088815642464
456 61.28621378417825
456 46.70117771534247
456 66.4304147209695
456 103.92304845413264
456 41.677331968349414
456 46.76537180435969
456 83.80334122217323
456 62.35382907247958
456 48.21825380496477
456 45.92385001282014
456 59.99999999999999
456 84.64041587799531
456 65.79513659838392
456 56.789083458002736
456 72.02083032012335
456 76.44605941446557
456 75.31932023060219
456 79.61783719745218
456 77.12976079309465
456 90.06664199358161
456 32.357379374726875
456 70.54785609782908
456 56.630380539071076
456 74.47818472546173
456 116.27983488120371
456 104.31203190428225
456 112.08925015361642
456 79.89993742175271
456 49.1121166312347
456 73.62744053679987
456 74.35724578008521
456 67.43886120034945
456 52.507142371300304
456 85.08231308562314
456 36.66060555964672
456 27.055498516937366
456 70.88723439378913
456 73.62744053679987
456 54.69003565550127
456 19.974984355438178
456 71.43528539874394
456 52.73518749374084
456 75.31932023060219
456 24.55605831561735
456 96.01562372864116
456 42.035699113967404
456 77.09085548883213
456 89.44830909525345
456 59.924953066314536
456 106.0801583709225
456 29.546573405388312
456 87.06893820416096
456 12.489995996796797
456 85.13518661517105
456 60.69596362197407
456 75.71657678474378
456 48.03123983409131
456 21.702534414210707
456 73.25981162956946
456 15.0996688705415
456 47.843494855622744
456 47.843494855622744
456 76.50490180374065
456 110.81064930772673
456 67.50555532695068
456 43.57751713900185
456 69.73521348644456
456 22.715633383201094
456 114.47270417003348
456 88.53812738024223
456 62.42595614005443
456 101.1582918005242
456 33.45145736735546
456 31.22498999199199
456 45.53020975132884
456 90.21640649017229
456 66.90291473471092
456 46.57252408878007
456 108.0555412739208
456 68.14690014960328
456 78.24960063795854
456 51.11751167652823
456 51.11751167652823
456 83.80334122217323
456 48.218253804964775
456 55.66866263886712
456 59.924953066314536
456 47.14870093650513
456 74.71947537289056
456 85.71464285639881
456 42.035699113967404
456 123.6567830731497
456 63.49803146555017
456 45.92385001282014
456 52.421369688324624
456 48.49742261192856
456 31.32091952673165
456 50.76416058598822
456 30.199337741083
456 30.04995840263344
456 69.19537556802477
456 34.51086785347479
456 40.951190458886536
456 22.715633383201094
456 108.51267207105353
456 39.68626966596886
456 67.50555532695068
456 36.49657518178932
456 17.05872210923198
456 36.373066958946424
456 69.73521348644456
456 54.52522352086234
456 12.12435565298214
456 80.66597795849252
456 73.74957626996917
456 43.71498598878879
456 63.3798075099633
456 92.41753080449617
456 72.3325652801005
456 40.84115571332428
456 72.0
456 39.0
456 83.21057625085888
456 33.04542328371661
456 127.00787377166819
456 69.19537556802477
456 94.72592042308166
456 57.41950887982237
456 60.77005841695399
456 43.71498598878879
456 76.73982017179868
456 28.61817604250837
456 81.4616474176652
456 54.52522352086234
456 70.37755323965163
456 67.54998149518622
457 43.0
457 90.43782394551519
457 34.0
457 75.78258375114957
457 44.23799272118933
457 22.60530911091463
457 86.01744009211156
457 36.59234892706397
457 42.15447781671598
457 68.46166810705097
457 79.64295323504773
457 51.21523210920751
457 41.03656905736638
457 70.87312607751969
457 28.053520278211074
457 64.8613906727261
457 38.118237105091836
457 71.33722730804723
457 64.8382603097893
457 91.01648202386203
457 35.679125549822544
457 50.38849074937649
457 49.0
457 46.22769732530488
457 59.632206063502295
457 121.29715577869086
457 22.538855339169288
457 74.32361670424818
457 84.04165633779478
457 87.72684879784524
457 49.72926703662542
457 69.39740629158989
457 107.50348831549606
457 32.51153641401772
457 101.4889156509222
457 61.538605769061746
457 73.43023900274328
457 119.31470990619724
457 39.849717690342544
457 88.15327560561774
457 91.93475947648963
457 53.73081052803875
457 71.25307010929424
457 29.206163733020468
457 37.16180835212409
457 37.8021163428716
457 90.5704145954958
457 70.2353187506115
457 33.77869150810907
457 51.507281038703645
457 60.30754513325841
457 73.97972695272672
457 82.63776376451628
457 20.518284528683193
457 71.04224095564554
457 17.349351572897472
457 56.34713834792323
457 70.36334272900912
457 50.269274910227224
457 34.39476704383968
457 82.52878285786117
457 69.54854419756032
457 43.485629810317796
457 64.09368143584827
457 38.157568056677825
457 89.70507232035432
457 60.90155991434045
457 73.18469785412795
457 69.41901756723442
457 44.710177812216315
457 39.88734135035826
457 40.0374824383352
457 49.24428900898052
457 49.42671342502959
457 94.42986815621421
457 27.83882181415011
457 93.5040106091712
457 40.63249930782009
457 30.116440692751194
457 66.55073252789934
457 53.70288632839021
457 72.62919523166975
457 53.113086899558006
457 53.39475629684998
457 64.49030934954492
457 28.478061731796284
457 34.698703145794944
457 70.19259220174163
457 75.94076639065476
457 76.09862022402245
457 19.467922333931785
457 56.66568626602875
457 44.30575583375144
457 48.569537778323564
457 69.63476143421474
457 63.90618123468183
457 52.716221412388805
457 32.18695387886216
457 56.24055476255546
457 38.58756276314947
457 16.09347693943108
457 23.065125189341593
457 61.09828148156051
457 91.14823092084673
457 58.642987645583
457 100.05998201079191
457 76.01973427998811
457 20.808652046684813
457 99.5941765365827
457 68.02205524680947
457 63.694583757176716
457 88.15327560561774
457 10.14889156509222
457 99.2320512737694
457 54.67174773134658
457 74.70609078247904
457 81.19113252073775
457 38.43175770115127
457 72.50517222929686
457 123.47874310989727
457 64.8382603097893
457 102.67911179982032
457 115.01304273863899
457 40.92676385936225
457 95.01578816175763
457 78.61933604400383
457 71.08445681019164
457 54.616847217685496
457 82.27393268830657
457 94.39809320108114
457 77.6595132614157
457 56.42694391866354
457 29.0
457 100.17983829094555
457 89.60468737739114
457 69.63476143421474
457 87.50428560933459
457 44.30575583375144
457 75.02666192761077
457 9.539392014169456
457 42.22558466143482
457 67.7347768875044
457 77.07788269017254
457 31.43246729100342
457 83.43260753446461
457 77.17512552629894
457 58.20652884342099
457 46.03259714593562
457 58.12916651733448
457 34.655446902326915
457 26.514147167125703
457 88.8313007897554
457 60.00833275470999
457 60.8276253029822
457 51.39066063011839
457 30.4138126514911
457 80.876448982383
457 92.40670971309389
457 62.98412498399894
457 74.34379597518544
457 47.75981574503821
457 49.27473997901968
457 49.759421218498915
457 67.22350779303324
457 70.3420215802759
457 27.622454633866266
457 74.48489779814429
457 85.63293758829018
457 38.31448812133603
457 102.59142264341595
457 44.13615298142782
457 48.13522618623496
457 58.642987645583
457 14.422205101855956
457 101.35580891098446
457 36.013886210738214
457 73.36893075410055
457 36.09709129556009
457 84.78797084492588
457 66.46051459325304
457 77.50483855863452
457 46.87216658103186
457 90.62008607367353
457 74.50503338701353
457 23.388031127053
457 76.39371701913711
457 71.42128534267638
457 84.92938243034621
457 92.66606714434361
457 58.02585630561603
457 52.43090691567332
457 104.28806259586952
457 77.6595132614157
457 48.692915295759406
457 117.04272724095249
457 40.85339643163099
457 24.63736998950984
457 59.3548650070068
457 78.08328886515987
457 67.0
458 79.16438593205912
458 63.237647015049504
458 62.42595614005443
458 74.27651041883968
458 50.40833264451424
458 67.94850991743675
458 24.979991993593593
458 67.10439627923047
458 37.986839826445156
458 25.632011235952593
458 39.0
458 44.799553569204235
458 81.55366331440912
458 13.856406460551018
458 52.16320542297991
458 70.2922470831599
458 73.74957626996917
458 109.66767983321247
458 113.45924378383631
458 78.93668348746354
458 67.63874629234341
458 63.66317616958802
458 57.47173218200405
458 40.95119045888654
458 62.52199612936234
458 102.10288928331069
458 60.32412452742269
458 16.522711641858304
458 49.86983055916673
458 86.96551040498757
458 42.0
458 74.95998932764064
458 42.035699113967404
458 39.344631145812
458 78.46018098373213
458 83.35466393669883
458 64.64518543557594
458 54.99090833947008
458 40.95119045888654
458 49.50757517794625
458 66.20422947214173
458 78.07688518377253
458 78.63205453248695
458 50.1098792654702
458 81.0740402348372
458 102.63040485158382
458 77.59510293826537
458 37.469987990390386
458 76.89603370785778
458 77.20751258783046
458 78.07688518377253
458 55.83009940883144
458 93.25770745627409
458 82.21313763626833
458 57.88782255362521
458 49.92995093127971
458 65.79513659838392
458 86.06392972668631
458 58.66003750424986
458 81.0740402348372
458 34.51086785347479
458 99.18165152889924
458 45.13313638558703
458 81.29575634681062
458 42.320207938997655
458 36.373066958946424
458 70.05711955254797
458 32.449961479175904
458 49.1121166312347
458 25.632011235952593
458 51.02940328869229
458 46.50806381693394
458 58.96609195122227
458 42.0
458 51.02940328869229
458 43.40506882842141
458 82.61355820929153
458 107.03737664946763
458 75.71657678474378
458 70.50531894828929
458 65.19969325081216
458 67.54998149518622
458 56.31163290120435
458 30.446674695276656
458 65.81793068761733
458 68.69497798238238
458 45.033320996790806
458 83.62415918859813
458 60.69596362197407
458 68.16890786861705
458 54.4426303552648
458 93.14504817756014
458 92.4824307639024
458 98.14784765851975
458 79.95623803056269
458 73.9932429347437
458 83.62415918859813
458 22.715633383201094
458 84.92349498224858
458 84.01785524517987
458 99.91996797437437
458 67.10439627923047
458 72.02083032012335
458 23.430749027719962
458 49.50757517794625
458 90.79647570252934
458 36.49657518178932
458 62.95236294214857
458 49.38623289946298
458 64.15605972938177
458 91.53687781435413
458 100.50373127401788
458 56.630380539071076
458 64.89992295835181
458 60.22457969965419
458 85.71464285639881
458 50.99999999999999
458 113.26076107814215
458 57.41950887982237
458 42.567593307585526
458 36.373066958946424
458 83.80334122217323
458 96.43650760992955
458 64.89992295835181
458 62.856980519270884
458 56.31163290120435
458 52.848841046895245
458 74.35724578008521
458 87.840765023991
458 66.90291473471092
458 67.54998149518622
458 52.848841046895245
458 43.57751713900185
458 110.26785569693463
458 69.90708118638626
458 77.90378681424929
458 42.532340636273474
458 64.15605972938175
458 60.22457969965419
458 40.95119045888654
458 38.22302970723278
458 72.02083032012335
458 91.9945650568554
458 28.513154858766505
458 100.2197585309404
458 23.811761799581316
458 68.14690014960328
458 48.28043081829324
458 81.6639455328972
458 62.35382907247958
458 27.055498516937366
458 69.90708118638626
458 73.66817494685205
458 31.22498999199199
458 57.47173218200405
458 69.34695379034324
458 45.92385001282014
458 25.514701644346147
458 123.04877081872861
458 33.18132004607411
458 64.50581369148055
458 64.64518543557594
458 111.0810514894417
458 33.45145736735546
458 91.30717386930777
458 18.33030277982336
458 49.38623289946298
458 39.0
458 53.32916650389353
458 37.027017163147235
458 87.78952101475437
458 60.6217782649107
458 46.50806381693394
458 69.19537556802477
458 27.49545416973504
458 61.99193495931547
458 66.02272336097626
458 60.22457969965419
458 66.36264009214823
458 66.0
458 39.153543900903784
458 72.99315036357864
458 40.95119045888654
458 33.04542328371661
458 86.65448632355972
458 94.88413987595608
458 96.43650760992955
458 61.506097258727124
458 97.9642792042079
458 67.10439627923047
458 72.02083032012335
458 82.86736390159881
458 76.0723339986358
458 83.62415918859813
458 13.527749258468683
458 71.43528539874394
458 78.82258559575422
458 60.024994793835674
458 76.26925986267338
458 97.53460924205314
459 83.28865468957942
459 53.113086899558
459 89.42035562443263
459 71.63099887618489
459 100.19481024484253
459 108.44814429025514
459 89.26925562588724
459 63.31666447310692
459 45.31004303683677
459 110.10903686800643
459 47.31807265728392
459 67.446274915669
459 38.118237105091836
459 63.55312738174259
459 57.66281297335398
459 74.50503338701353
459 95.22079604792222
459 37.04051835490427
459 26.0
459 80.0749648766704
459 50.239426748321875
459 62.21736092120912
459 25.942243542145693
459 48.569537778323564
459 67.17886572427373
459 45.17742799230607
459 60.23288138550238
459 61.245407991130236
459 73.51190379795642
459 40.59556626036888
459 54.286278192559855
459 16.09347693943108
459 116.91449867317569
459 120.37856952132302
459 53.563046963368315
459 56.95612346359257
459 82.0
459 78.92401408950256
459 86.71216754296942
459 107.40577265678041
459 91.09884741312591
459 76.72678802087313
459 42.2965719651132
459 50.08991914547278
459 48.38388161361178
459 89.26925562588724
459 48.6929152957594
459 70.14983962918234
459 87.60707733967615
459 96.96906723280368
459 95.59811713626999
459 71.71471257698799
459 31.192947920964443
459 106.35318518972528
459 61.09828148156051
459 91.7551088495894
459 105.65983153497831
459 34.39476704383968
459 40.11234224026316
459 18.520259177452136
459 39.35733730830886
459 86.12200647918046
459 53.67494760127857
459 23.515952032609693
459 76.2954782408499
459 8.54400374531753
459 73.69531871157082
459 36.75595189897821
459 38.118237105091836
459 71.75653280364095
459 48.53864439804639
459 19.157244060668017
459 25.119713374160938
459 99.53391381835641
459 75.94076639065476
459 74.62573282722254
459 103.05823596394418
459 28.0
459 58.642987645583
459 31.953090617340916
459 30.315012782448235
459 46.87216658103186
459 51.41984052872976
459 91.09884741312592
459 105.30432089900205
459 59.40538696111658
459 43.0
459 77.9487010796203
459 14.106735979665885
459 56.66568626602875
459 44.67661580737735
459 77.272245987806
459 25.119713374160938
459 52.57375771237966
459 29.46183972531247
459 135.19245541079576
459 48.507731342539614
459 68.02205524680947
459 47.82258880487337
459 55.054518434003214
459 80.5791536316931
459 123.2233744059949
459 92.89241088485109
459 61.39218191268331
459 50.269274910227224
459 77.6595132614157
459 54.83611948342078
459 47.791212581394085
459 74.98666548127073
459 94.49338601193207
459 117.69451983843598
459 47.634021455258214
459 79.37883848986453
459 44.54211490264017
459 80.95060222135473
459 72.77362159464101
459 65.93936608733814
459 96.81425514871248
459 91.09884741312592
459 72.79423054061358
459 118.50738373620439
459 51.507281038703645
459 35.34119409414458
459 86.64294547163085
459 72.38093671679029
459 48.507731342539614
459 41.32795663954365
459 81.54140052758476
459 81.72514912803769
459 67.22350779303324
459 40.44749683231337
459 95.84883932526257
459 48.507731342539614
459 37.64306044943742
459 66.55073252789934
459 44.30575583375144
459 94.87360012142472
459 61.83041322844284
459 42.790185790669334
459 95.39392014169457
459 34.219877264537345
459 48.13522618623496
459 79.56758133813041
459 44.30575583375144
459 63.92964883369844
459 56.026779311325754
459 77.48548251124207
459 58.89821729050889
459 45.902069670114
459 68.43975452907469
459 81.55979401641473
459 58.283788483591216
459 86.15683373940803
459 57.5065213693195
459 110.48981853546506
459 53.67494760127857
459 41.79712908801273
459 92.14662229295223
459 77.87168933572714
459 37.04051835490427
459 57.16642371182581
459 75.6042326857432
459 36.05551275463989
459 37.322915213043046
459 13.228756555322953
459 10.14889156509222
459 66.9552089086428
459 36.59234892706397
459 59.22837157984339
459 68.63672486358888
459 61.02458520956943
459 97.70875088752285
459 97.92343948207701
459 74.48489779814429
459 91.7551088495894
459 26.851443164195103
459 70.14983962918234
459 44.23799272118933
459 89.4371287553441
459 68.94200461257273
459 70.76722405181653
459 69.41901756723442
459 51.73973328110612
459 28.583211855912904
459 88.35722947218298
459 57.19265687131522
459 34.65544690232691
459 40.149719799769464
459 39.84971769034255
459 124.18131904598211
459 43.86342439892262
459 70.14983962918234
459 61.24540799113024
459 51.79768334587948
459 54.80875842417888
459 56.10704055642215
459 73.51190379795642
459 61.733297336202604
459 68.11020481543129
459 82.41965784932621
460 53.777318638995006
460 37.986839826445156
460 58.5064099052403
460 51.11751167652823
460 54.0277706369604
460 61.55485358604957
460 62.44997998398398
460 61.652250567193406
460 74.35724578008521
460 40.7308237088326
460 21.0
460 45.13313638558703
460 56.709787515031294
460 116.2282237668631
460 84.16056083463323
460 101.86756107809786
460 94.69424480928078
460 47.843494855622744
460 82.61355820929153
460 82.28608630868283
460 29.546573405388312
460 90.14987520790031
460 70.2922470831599
460 44.1927595879687
460 47.46577714522327
460 47.65501022977542
460 73.50510186374821
460 69.47661477072698
460 88.63972021616495
460 7.937253933193772
460 52.848841046895245
460 91.10982383914481
460 64.50581369148055
460 58.5064099052403
460 53.777318638995006
460 60.6217782649107
460 94.69424480928078
460 83.62415918859813
460 40.7308237088326
460 51.73006862551025
460 54.11099703387473
460 67.50555532695068
460 69.19537556802477
460 29.999999999999996
460 42.0
460 97.41149829460586
460 78.82258559575422
460 103.15522284402279
460 102.93687385966217
460 56.15158056546583
460 123.70529495538985
460 47.62352359916263
460 94.72592042308166
460 60.6217782649107
460 34.77067730142742
460 46.57252408878007
460 73.91210996852952
460 92.36882591004391
460 44.22668877499196
460 69.73521348644456
460 60.39867548216599
460 33.18132004607411
460 74.35724578008521
460 61.7980582219215
460 92.7739187487518
460 95.29428104561154
460 81.62720134857007
460 27.495454169735037
460 99.51381813597547
460 49.50757517794625
460 53.99999999999999
460 45.53020975132884
460 24.06241883103193
460 52.306787322488084
460 67.8159273327439
460 48.12483766206386
460 9.643650760992955
460 61.506097258727124
460 27.2213151776324
460 80.2932126645833
460 97.59610647971567
460 30.04995840263344
460 86.37708029332781
460 61.94352266379432
460 46.76537180435968
460 50.46781152378217
460 71.89575787207475
460 34.597687784012386
460 49.50757517794625
460 79.88116173416608
460 18.734993995195193
460 74.47818472546173
460 59.57348403442592
460 97.25739046468397
460 70.37755323965163
460 77.20751258783046
460 22.9128784747792
460 19.672315572906
460 79.54244150137711
460 69.476614770727
460 88.60586888011426
460 106.10843510296436
460 79.54244150137711
460 28.827070610799147
460 34.77067730142742
460 15.874507866387543
460 137.16048993788263
460 40.95119045888654
460 18.24828759089466
460 57.41950887982237
460 90.515192095029
460 89.21322771876378
460 65.81793068761733
460 78.93668348746354
460 114.32847414358332
460 75.07995737878386
460 70.54785609782908
460 72.02083032012335
460 55.072679252057455
460 84.44524853418338
460 103.18430113151904
460 25.980762113533157
460 75.31932023060219
460 81.6639455328972
460 18.24828759089466
460 74.47818472546172
460 102.63040485158382
460 99.73966111833346
460 93.06449376641986
460 61.506097258727124
460 15.0
460 53.01886456724625
460 26.999999999999996
460 36.373066958946424
460 50.22947341949744
460 68.7386354243376
460 115.30828244319659
460 14.999999999999998
460 63.095166217389426
460 55.749439459065414
460 63.3798075099633
460 56.31163290120435
460 104.09610943738484
460 67.94850991743675
460 63.592452382338585
460 54.58021619598075
460 97.41149829460586
460 60.09991680526688
460 61.55485358604957
460 17.578395831246947
460 112.74307074051158
460 45.43126676640219
460 45.43126676640219
460 108.59558002055148
460 43.508619835614184
460 58.5064099052403
460 25.98076211353316
460 110.07724560507498
460 76.0723339986358
460 46.604720790924176
460 67.50555532695068
460 84.07139822793481
460 61.57921727336261
460 43.266615305567875
460 75.47847375245475
460 42.567593307585526
460 22.715633383201094
460 67.50555532695068
460 67.10439627923047
460 72.3325652801005
460 70.63285354564121
460 82.28608630868283
460 87.30979326513147
460 61.7980582219215
460 56.709787515031294
460 70.63285354564121
460 85.2936105461599
460 67.50555532695068
460 78.07688518377255
460 82.72242743053422
460 11.357816691600547
460 83.62415918859813
460 62.353829072479584
460 38.1051177665153
460 57.15767664977295
460 97.25739046468397
460 47.148700936505136
460 88.38551917593742
460 73.32121111929344
460 67.10439627923046
460 68.16890786861705
460 90.598013223249
460 74.47818472546172
460 58.27520913733386
460 62.37788069500277
460 112.34322409473569
460 37.589892258425
460 44.22668877499196
460 73.01369734508724
460 58.96609195122227
461 79.83107164506812
461 14.730919862656235
461 35.04283093587046
461 62.193247221864844
461 75.4254598925323
461 97.89279850938985
461 84.25556361451747
461 51.419840528729765
461 74.08103670980854
461 69.28924880528002
461 20.07485989988473
461 41.90465367951393
461 65.36818798161687
461 62.64982043070834
461 35.0
461 29.0
461 83.16249154516716
461 77.07788269017254
461 56.293871780150276
461 115.0
461 38.50973902793941
461 84.85870609430714
461 12.767145334803704
461 92.3417565351667
461 45.077710678338576
461 47.031904065219386
461 46.357307945997036
461 130.14991356124673
461 69.15923654870693
461 43.2087954009366
461 86.74675786448735
461 51.068581339214816
461 53.113086899558006
461 129.84991336154215
461 59.632206063502295
461 46.8081189538738
461 63.45864795282043
461 91.47677300823418
461 26.514147167125703
461 74.48489779814429
461 97.92343948207701
461 61.587336360651285
461 75.54468876102409
461 40.149719799769464
461 105.53198567259123
461 62.385895841928885
461 14.933184523068078
461 47.69696007084728
461 57.087651904768336
461 40.63249930782009
461 84.6640419540669
461 32.92415526630866
461 74.22263805605402
461 77.34985455707076
461 34.655446902326915
461 83.88086790204308
461 40.85339643163099
461 74.50503338701351
