0 0.0
1 1.0
2 1.7320508075688772
3 1.9999999999999998
4 3.0
5 0.9999999999999999
6 5.196152422706632
7 4.358898943540674
8 6.244997998398398
9 2.6457513110645907
10 4.58257569495584
11 7.211102550927978
12 4.58257569495584
13 9.539392014169456
14 3.4641016151377544
15 8.18535277187245
16 3.0
17 7.211102550927978
18 6.244997998398398
19 7.0
20 7.549834435270749
21 6.082762530298219
22 10.816653826391969
23 11.269427669584644
24 11.357816691600547
25 8.54400374531753
26 4.58257569495584
27 14.933184523068078
28 6.244997998398398
29 8.18535277187245
30 9.0
31 13.114877048604
32 3.0
33 3.605551275463989
34 10.535653752852738
35 3.9999999999999996
36 8.660254037844387
37 4.358898943540674
38 9.643650760992955
39 14.422205101855956
40 12.489995996796797
41 20.663978319771825
42 10.535653752852738
43 7.0
44 6.0
45 14.730919862656235
46 15.394804318340652
47 13.892443989449804
48 6.0
49 5.291502622129181
50 13.74772708486752
51 8.18535277187245
52 6.244997998398398
53 20.8806130178211
54 22.11334438749598
55 14.0
56 18.24828759089466
57 16.46207763315433
58 12.489995996796797
59 16.822603841260722
60 25.514701644346147
61 14.730919862656235
62 14.798648586948742
63 5.291502622129181
64 12.489995996796797
65 3.9999999999999996
66 16.522711641858304
67 20.0
68 21.0
69 19.467922333931785
70 16.522711641858304
71 16.822603841260722
72 26.664583251946766
73 26.057628441590765
74 13.527749258468683
75 15.716233645501712
76 15.588457268119896
77 11.135528725660043
78 30.347981810987037
79 14.730919862656235
80 31.32091952673165
81 27.40437921208944
82 11.357816691600547
83 13.45362404707371
84 17.578395831246944
85 20.663978319771825
86 33.04542328371661
87 39.05124837953327
88 15.588457268119896
89 26.514147167125703
90 16.522711641858304
91 25.23885892824792
92 13.74772708486752
93 11.269427669584644
94 19.974984355438178
95 21.166010488516726
96 21.0
97 24.879710609249454
98 24.24871130596428
99 23.515952032609693
100 44.19275958796871
101 18.520259177452136
102 21.283796653792763
103 16.46207763315433
104 21.0
105 11.0
106 15.588457268119896
107 25.999999999999996
108 18.734993995195193
109 26.0
110 34.597687784012386
111 29.30870177950569
112 44.19275958796871
113 15.716233645501712
114 22.516660498395403
115 48.53864439804639
116 19.519221295943137
117 17.69180601295413
118 16.703293088490067
119 22.271057451320086
120 9.643650760992955
121 31.43246729100342
122 6.928203230275509
123 28.583211855912904
124 32.07802986469088
125 27.73084924772409
126 12.12435565298214
127 27.83882181415011
128 28.930952282978865
129 35.17101079013795
130 17.578395831246947
131 21.37755832643195
132 36.49657518178932
133 38.157568056677825
134 16.522711641858304
135 39.585350825778974
136 46.89349635077342
137 21.79449471770337
138 42.67317658670373
139 39.73663297261105
140 32.90896534380867
141 17.776388834631177
142 28.827070610799147
143 25.709920264364882
144 45.92385001282014
145 31.575306807693888
146 6.928203230275509
147 43.55456348076513
148 27.874719729532707
149 8.54400374531753
150 35.79106033634656
151 17.776388834631177
152 22.9128784747792
153 41.72529209005013
154 33.45145736735546
155 23.643180835073778
156 34.77067730142742
157 29.715315916207253
158 9.0
159 27.51363298439521
160 32.90896534380867
161 37.403208418530085
162 32.07802986469088
163 38.0
164 36.29049462324811
165 44.034077712607996
166 4.58257569495584
167 26.851443164195103
168 38.691084244306204
169 55.380501984001555
170 23.302360395462088
171 26.0
172 17.578395831246947
173 30.999999999999996
174 21.633307652783937
175 48.53864439804639
176 51.02940328869229
177 32.0
178 24.24871130596428
179 13.45362404707371
180 8.660254037844386
181 32.2335229225724
182 21.633307652783937
183 35.510561809129406
184 37.027017163147235
185 38.58756276314947
186 27.055498516937366
187 51.39066063011839
188 27.2213151776324
189 41.72529209005013
190 32.449961479175904
191 37.242448899072144
192 27.874719729532707
193 23.643180835073778
194 39.038442591886266
195 44.23799272118933
196 33.71943060017473
197 49.48737212663449
198 68.7386354243376
199 26.457513110645905
200 60.77005841695399
201 23.895606290697042
202 18.33030277982336
203 22.338307903688676
204 12.0
205 17.52141546793523
206 26.664583251946766
207 81.87185108448446
208 28.35489375751565
209 39.96248240537617
210 38.57460304397182
211 48.6929152957594
212 28.930952282978865
213 37.72267222772003
214 21.633307652783937
215 41.14608122288197
216 55.83009940883144
217 26.514147167125703
218 56.31163290120434
219 25.238858928247925
220 28.513154858766505
221 17.52141546793523
222 33.04542328371661
223 13.892443989449804
224 35.53871128783372
225 22.338307903688676
226 22.715633383201094
227 16.09347693943108
228 23.302360395462088
229 8.18535277187245
230 55.50675634551167
231 72.95889253545451
232 33.18132004607411
233 20.29778313018444
234 35.79106033634656
235 57.97413216254297
236 37.027017163147235
237 40.26164427839479
238 37.986839826445156
239 24.63736998950984
240 52.421369688324624
241 19.078784028338912
242 27.2213151776324
243 55.054518434003214
244 55.5607775323564
245 66.3023378170031
246 28.61817604250837
247 63.505905237229705
248 19.672315572906
249 24.879710609249457
250 13.74772708486752
251 13.892443989449804
252 61.50609725872712
253 31.0
254 49.56813492557492
255 67.66830868286867
256 51.64300533470143
257 47.57099956906519
258 33.18132004607411
259 16.46207763315433
260 75.43871685016919
261 38.742741255621034
262 43.71498598878879
263 31.0
264 22.516660498395403
265 17.349351572897472
266 39.68626966596886
267 48.07286136688766
268 45.13313638558703
269 79.86864215698174
270 44.53088815642464
271 67.446274915669
272 14.999999999999998
273 41.2189276910499
274 27.712812921102035
275 11.532562594670797
276 46.89349635077342
277 26.0
278 26.999999999999996
279 64.09368143584827
280 38.22302970723278
281 57.7148161220323
282 38.301436004411116
283 58.61740355901138
284 45.2990066116245
285 34.17601498127012
286 29.13760456866693
287 26.514147167125703
288 39.153543900903784
289 66.12110101926616
290 62.44997998398398
291 54.064775963653084
292 55.50675634551167
293 33.421549934136806
294 43.09292285283048
295 35.0
296 64.78425734698207
297 26.851443164195103
298 46.50806381693394
299 50.20956084253277
300 36.373066958946424
301 51.79768334587948
302 21.702534414210707
303 51.97114584074513
304 35.79106033634656
305 29.30870177950569
306 23.430749027719962
307 64.21059102671458
308 28.513154858766505
309 95.59811713627
310 45.13313638558703
311 45.077710678338576
312 34.07345007480164
313 69.93568473962345
314 40.95119045888654
315 49.0
316 64.08587988004847
317 68.5054742338158
318 55.749439459065414
319 68.5054742338158
320 52.421369688324624
321 30.265491900843113
322 60.22457969965419
323 51.068581339214816
324 68.60757975617562
325 8.54400374531753
326 58.966091951222275
327 32.046840717924134
328 30.04995840263344
329 43.965895873961216
330 40.7308237088326
331 29.866369046136157
332 34.597687784012386
333 38.03945320322047
334 43.9203825119955
335 66.007575322837
336 53.32916650389353
337 41.79712908801273
338 52.421369688324624
339 34.17601498127012
340 64.55230437405004
341 94.06380813043877
342 39.230090491866065
343 76.01973427998811
344 45.92385001282014
345 21.656407827707714
346 70.2922470831599
347 54.00925846556311
348 47.843494855622744
349 69.54854419756032
350 58.966091951222275
351 38.97435053981015
352 13.856406460551018
353 29.816103031751148
354 66.70082458260916
355 15.716233645501712
356 59.77457653551382
357 82.41965784932621
358 39.0
359 65.09224224129939
360 22.715633383201094
361 62.7933117457584
362 78.1728853247723
363 48.53864439804639
364 63.095166217389426
365 36.05551275463989
366 49.38623289946298
367 13.999999999999998
368 113.24751652906124
369 62.960304954788775
370 66.81317235396027
371 24.020824298928627
372 49.86983055916673
373 81.50460109711598
374 16.522711641858304
375 46.357307945997036
376 59.57348403442592
377 41.2189276910499
378 43.9203825119955
379 43.58898943540674
380 27.2213151776324
381 58.94913061275798
382 26.888659319497503
383 75.02666192761077
384 93.64293886887575
385 10.0
386 31.22498999199199
387 66.12110101926616
388 48.774993593028796
389 58.20652884342099
390 32.449961479175904
391 59.632206063502295
392 40.84115571332428
393 43.31281565541543
394 65.79513659838392
395 54.616847217685496
396 53.32916650389353
397 63.150613615387776
398 55.50675634551167
399 71.71471257698799
400 68.7386354243376
401 71.50524456289902
402 37.5099986670221
403 43.55456348076513
404 61.7980582219215
405 63.694583757176716
406 40.951190458886536
407 55.4346462061408
408 61.57921727336261
409 71.84010022264724
410 68.23488843692792
411 44.64302857109942
412 80.88881257627658
413 32.51153641401772
414 86.53323061113575
415 74.32361670424818
416 75.0199973340442
417 45.177427992306065
418 7.549834435270749
419 80.16857239592083
420 60.917977642072124
421 50.08991914547278
422 87.01723967122837
423 36.75595189897821
424 40.95119045888654
425 16.09347693943108
426 64.96922348312314
427 39.35733730830886
428 40.95119045888654
429 40.85339643163099
430 90.26627277117406
431 50.714889332423866
432 47.623523599162624
433 50.68530358989675
434 92.67685795278129
435 35.38361202590826
436 84.48076704197234
437 71.02112361825881
438 105.69768209379049
439 83.16249154516716
440 85.13518661517105
441 80.72793816269557
442 71.43528539874394
443 58.92367945062494
444 41.24318125460256
445 68.5054742338158
446 45.43126676640219
447 115.46861045323097
448 19.672315572906
449 124.35031162003575
450 66.09084656743322
451 65.13831437794502
452 64.13267497929586
453 73.81734213584231
454 70.50531894828929
455 11.789826122551595
456 53.693575034635195
457 47.15930449020638
458 59.270566050949775
459 102.9417310909429
460 72.99315036357864
461 95.12623192369179
462 46.861498055439924
463 45.967379738244816
464 75.71657678474378
465 73.36893075410055
466 64.96922348312314
467 76.3740793725201
468 29.597297173897484
469 81.61494961096282
470 36.49657518178932
471 61.538605769061746
472 59.57348403442592
473 91.09884741312592
474 117.69027147559818
475 68.46166810705097
476 81.6639455328972
477 112.46777316191513
478 72.642962494656
479 54.945427471264615
480 64.50581369148055
481 58.412327466040935
482 47.46577714522327
483 35.38361202590826
484 66.4304147209695
485 69.39740629158989
486 117.35842534730942
487 7.211102550927978
488 91.6515138991168
489 91.0
490 89.11228871485683
491 92.82779756085996
492 103.59054010864119
493 47.69696007084728
494 87.41281370600079
495 50.47771785649585
496 99.87492177719089
497 38.118237105091836
498 38.301436004411116
499 101.68087332433764
