450 48.218253804964775
450 46.70117771534247
450 83.26463835266445
450 68.4324484437025
450 38.301436004411116
450 70.37755323965163
450 66.20422947214173
450 21.633307652783937
450 68.16890786861705
450 50.31898250163649
450 74.63913182774837
450 46.604720790924176
450 73.91210996852952
450 105.12849280761138
450 101.1731189595339
450 59.270566050949775
450 63.37980750996329
450 74.35724578008521
450 32.90896534380867
450 46.76537180435968
450 106.78483038334612
450 91.9945650568554
450 39.153543900903784
450 33.80828300875393
450 47.843494855622744
450 50.99999999999999
450 101.86756107809786
450 29.999999999999996
450 55.83009940883144
450 107.76363022838457
450 61.652250567193406
450 70.31358332498779
450 39.344631145812
450 81.62720134857007
450 55.5607775323564
450 40.84115571332428
450 35.79106033634656
450 34.77067730142742
450 24.55605831561735
450 47.085029467974216
450 40.95119045888654
450 63.85138996137828
450 87.06893820416096
450 47.843494855622744
450 79.89993742175271
450 57.41950887982237
450 85.74963556773871
450 27.0
450 40.7308237088326
450 67.54998149518622
450 75.43871685016917
450 65.79513659838392
450 97.3498844375277
450 94.93155429044654
450 23.302360395462088
450 29.444863728670914
450 73.25981162956946
450 24.24871130596428
450 38.1051177665153
450 52.04805471869242
450 79.89993742175271
450 72.27032586061861
450 73.9932429347437
450 26.888659319497503
450 58.27520913733386
450 52.421369688324624
450 73.50510186374821
450 75.0199973340442
450 100.637965003273
450 33.71943060017473
450 79.54244150137711
450 93.25770745627409
450 41.24318125460256
450 43.266615305567875
450 102.1322671832952
450 87.42997197757758
450 55.749439459065414
450 6.928203230275509
450 27.055498516937366
450 24.43358344574123
450 48.590122453025366
450 56.31163290120435
450 78.46018098373213
450 63.66317616958802
450 55.50675634551167
450 76.54410493303844
450 66.4304147209695
450 86.96551040498757
450 111.01351269102334
450 60.67124524847005
450 100.93562304756433
450 67.50555532695068
450 102.13226718329521
450 53.32916650389353
450 88.79189152169245
450 84.07139822793481
450 87.42997197757758
450 70.73895673530957
450 48.77499359302879
450 97.54998718605758
450 29.546573405388315
450 75.31932023060219
450 69.54135460285484
450 61.286213784178244
450 68.03675477269621
450 54.58021619598075
450 95.38867857350787
450 41.24318125460256
450 49.86983055916673
450 78.8225855957542
450 17.578395831246944
450 28.61817604250837
450 80.66597795849252
450 93.25770745627409
450 78.689262291624
450 39.0
450 45.92385001282014
450 62.6418390534633
450 46.861498055439924
450 44.22668877499196
450 54.0277706369604
450 71.14070564732964
450 56.20498198558558
450 51.11751167652823
450 15.874507866387544
450 57.41950887982237
450 42.035699113967404
450 94.69424480928078
450 51.64300533470143
450 125.65428763078481
450 67.94850991743675
450 98.14784765851975
450 90.79647570252934
450 51.73006862551025
450 60.32412452742269
450 69.34695379034324
450 77.59510293826537
450 63.66317616958802
450 95.4515583948214
450 82.48636250920512
450 46.50806381693394
450 69.21704992268884
450 58.0430874437258
450 68.5638388656878
450 125.36745989290841
450 96.56086163658648
450 43.40506882842141
450 86.7928568489366
450 65.3834841531101
450 68.60757975617562
450 39.153543900903784
450 67.10439627923047
450 99.51381813597547
450 18.24828759089466
450 80.2932126645833
450 10.535653752852738
450 52.507142371300304
450 42.0
450 107.51278993682565
450 90.0166651237425
450 43.508619835614184
450 34.07345007480164
450 53.32916650389353
450 94.59915433025816
450 41.569219381653056
450 22.64950330581225
450 45.43126676640219
450 41.38840417314975
450 42.532340636273474
450 79.88116173416608
450 54.69003565550127
450 91.53687781435414
450 58.557663887829406
450 40.28647415696737
450 57.654141221598294
450 117.32007500849971
450 53.86093203798092
450 67.8159273327439
450 43.71498598878879
450 49.56813492557492
450 29.444863728670914
450 93.78699270154684
450 53.32916650389353
450 69.0869017976635
450 56.15158056546583
450 75.35914012248281
450 75.31932023060219
450 130.84723917607127
450 10.816653826391969
450 46.50806381693394
450 43.508619835614184
450 72.02083032012335
450 59.270566050949775
450 24.979991993593593
450 45.033320996790806
450 97.59610647971567
450 37.5099986670221
450 34.51086785347479
450 107.42904635153381
450 105.12849280761138
451 42.50882261366456
451 11.0
451 66.7757440991862
451 59.354865007006794
451 110.77454581265499
451 31.76476034853718
451 49.75942121849891
451 39.96248240537617
451 28.583211855912904
451 84.04165633779478
451 67.08949247087803
451 103.71113729971339
451 92.79547402756236
451 55.326304774492215
451 92.26050075736637
451 96.19251530134763
451 8.717797887081348
451 46.0
451 74.22263805605402
451 95.59811713627
451 91.42756695876797
451 54.147945482723536
451 71.08445681019164
451 58.02585630561603
451 109.34349546269316
451 89.83874442577657
451 52.459508194416
451 68.78953408767936
451 23.388031127053
451 87.19518335321051
451 7.0
451 69.31089380465383
451 37.72267222772003
451 82.0182906430023
451 35.59494346111537
451 41.7612260356422
451 82.92767933567175
451 56.66568626602876
451 63.90618123468183
451 68.08817812219681
451 19.0
451 76.01973427998811
451 52.82991576748916
451 68.63672486358888
451 34.044089061098404
451 76.62897624267207
451 55.6506963119061
451 50.68530358989675
451 52.459508194416
451 82.96384754819415
451 39.05124837953327
451 75.82216034906945
451 60.63002556489647
451 62.55397669213365
451 25.238858928247925
451 87.10912696153027
451 85.8079250419214
451 70.08566187174092
451 44.30575583375144
451 73.69531871157082
451 67.7347768875044
451 65.09224224129939
451 111.0720486891279
451 34.17601498127012
451 37.72267222772003
451 57.97413216254298
451 24.269322199023193
451 72.02777242147643
451 73.18469785412795
451 49.36598018878993
451 44.91102314577124
451 49.48737212663449
451 60.05830500438719
451 67.84541251993387
451 48.041648597857254
451 34.0440890610984
451 62.505999712027645
451 76.92203845452875
451 65.93936608733814
451 117.93642355099632
451 39.50949253027682
451 53.39475629684998
451 59.80802621722272
451 57.688820407423826
451 93.74433316206373
451 57.19265687131522
451 15.524174696260022
451 63.50590523722971
451 102.78132126023678
451 66.84309986827361
451 57.087651904768336
451 26.90724809414742
451 51.21523210920751
451 56.66568626602876
451 89.26925562588724
451 36.59234892706397
451 102.56217626396194
451 92.24424101265076
451 69.31089380465383
451 115.32562594670796
451 46.357307945997036
451 69.15923654870693
451 68.76772498781678
451 82.52878285786117
451 44.50842616853577
451 57.297469403107144
451 82.8190799272728
451 21.656407827707714
451 45.177427992306065
451 24.269322199023193
451 35.04283093587046
451 37.322915213043046
451 103.3779473582253
451 24.331050121192877
451 67.80117993073571
451 53.113086899558006
451 66.3023378170031
451 37.242448899072144
451 93.95211546314431
451 41.2189276910499
451 65.5972560401729
451 38.58756276314947
451 99.5941765365827
451 112.46777316191515
451 79.69943538068509
451 71.71471257698799
451 57.66281297335397
451 65.64297372910524
451 98.13765841918178
451 109.32977636490435
451 68.28616258071617
451 58.077534382926416
451 18.681541692269406
451 44.23799272118933
451 50.47771785649584
451 62.74551776820397
451 40.11234224026316
451 29.816103031751148
451 77.34985455707076
451 64.21059102671458
451 59.632206063502295
451 46.03259714593562
451 58.02585630561603
451 102.47438704378767
451 65.64297372910524
451 85.07055894961546
451 50.20956084253277
451 73.7360156233031
451 88.01704380402695
451 38.62641583165593
451 71.75653280364095
451 66.68583057891684
451 50.50742519669756
451 69.41901756723442
451 68.78953408767936
451 47.286361670147556
451 56.32051136131489
451 53.842362503887216
451 104.53229166147655
451 88.8313007897554
451 52.028838157314254
451 53.842362503887216
451 81.79853299418028
451 66.14378277661477
451 74.50503338701353
451 75.22632517942107
451 90.53728513711906
451 83.45058418010026
451 75.34586916347837
451 106.50821564555478
451 85.73797291748853
451 97.92343948207701
451 72.75300681071539
451 73.18469785412795
451 50.50742519669756
451 32.2335229225724
451 47.44470465710583
451 70.78841713161836
451 86.81589716175259
451 41.72529209005013
451 65.02307282803544
451 70.61869440877535
451 54.00925846556311
451 66.14378277661477
451 71.02112361825881
451 80.01874780324921
451 85.8079250419214
451 96.19251530134764
451 80.9135340965898
451 101.68087332433765
451 83.16249154516716
451 57.5065213693195
451 94.57272334029511
451 62.55397669213365
451 71.50524456289902
451 68.4178339323893
451 69.93568473962345
451 17.349351572897472
451 94.57272334029511
451 87.93179174792243
452 78.0
452 89.21322771876378
452 48.49742261192856
452 90.14987520790032
452 56.04462507680822
452 69.19537556802477
452 68.5638388656878
452 56.31163290120435
452 37.469987990390386
452 99.69453345093702
452 97.18024490605073
452 25.514701644346147
452 73.74957626996917
452 64.96922348312314
452 42.67317658670373
452 52.848841046895245
452 39.344631145812
452 41.677331968349414
452 89.81647955692763
452 76.62245101796209
452 55.560777532356404
452 82.7768083462995
452 104.88565202161828
452 72.18725649309579
452 83.04817878797824
452 29.444863728670914
452 36.29049462324811
452 74.35724578008521
452 112.90261290156221
452 49.56813492557492
452 74.47818472546172
452 51.29327441292864
452 64.15605972938177
452 64.50581369148055
452 67.54998149518622
452 79.89993742175271
452 33.04542328371661
452 49.95998398718719
452 66.56575696257048
452 66.56575696257048
452 44.79955356920423
452 114.564392373896
452 3.0
452 36.0416425818802
452 58.0430874437258
452 33.18132004607411
452 83.37265738837884
452 55.50675634551167
452 42.0
452 59.19459434779497
452 79.22120928135344
452 78.46018098373213
452 48.590122453025366
452 57.105166141076936
452 46.604720790924176
452 21.0
452 56.20498198558558
452 67.10439627923047
452 58.5064099052403
452 98.60527369263775
452 94.88413987595608
452 38.301436004411116
452 64.96922348312314
452 90.26627277117406
452 72.06247289678588
452 70.31358332498779
452 55.50675634551167
452 72.02083032012335
452 14.177446878757824
452 56.709787515031294
452 79.88116173416608
452 34.51086785347479
452 49.68903299521938
452 76.54410493303844
452 45.13313638558703
452 72.58098924649622
452 75.71657678474378
452 49.56813492557492
452 81.68231142664855
452 82.21313763626833
452 64.50581369148055
452 21.0
452 47.843494855622744
452 58.5064099052403
452 82.54089895318563
452 82.93973715897586
452 40.50925820105819
452 82.21313763626833
452 110.72939989000211
452 62.6418390534633
452 85.08231308562314
452 91.70059977993601
452 47.843494855622744
452 17.578395831246947
452 98.6508996411082
452 45.13313638558703
452 36.0416425818802
452 65.33758489567853
452 70.31358332498779
452 66.36264009214823
452 95.9218431849597
452 68.82586723027906
452 76.26925986267338
452 70.92954250522133
452 73.54590403278758
452 69.0
452 74.35724578008521
452 36.66060555964672
452 55.072679252057455
452 97.68827974736786
452 24.06241883103193
452 57.157676649772945
452 68.69497798238238
452 40.7308237088326
452 84.12490713219242
452 79.54244150137711
452 62.52199612936234
452 84.07139822793481
452 74.5385806143369
452 75.47847375245475
452 57.9396237474839
452 70.92954250522133
452 61.57921727336261
452 98.60527369263775
452 116.2282237668631
452 39.0
452 28.61817604250837
452 89.86656775464388
452 38.301436004411116
452 108.34666584625481
452 57.47173218200405
452 27.2213151776324
452 85.85452812752511
452 42.320207938997655
452 61.7980582219215
452 10.535653752852738
452 61.99193495931547
452 39.68626966596886
452 49.1121166312347
452 52.56424640380569
452 50.46781152378217
452 47.085029467974216
452 76.73982017179868
452 45.43126676640219
452 95.45155839482139
452 60.77005841695399
452 106.7145725756328
452 83.62415918859813
452 90.26627277117406
452 80.06872048434394
452 61.57921727336261
452 67.8159273327439
452 36.29049462324811
452 59.57348403442592
452 52.16320542297991
452 98.77246579892596
452 32.07802986469088
452 76.97402159170326
452 72.18725649309579
452 66.02272336097626
452 72.3325652801005
452 105.08567932882197
452 67.10439627923047
452 32.90896534380867
452 32.07802986469088
452 62.37788069500277
452 61.554853586049575
452 103.53260356042438
452 85.76712656956627
452 85.60957890329796
452 61.57921727336261
452 47.148700936505136
452 71.58212067269312
452 61.506097258727124
452 100.41414243023738
452 88.50423718670197
452 55.83009940883144
452 52.56424640380569
452 33.18132004607411
452 33.04542328371661
452 116.66619047521866
452 90.0
452 44.53088815642464
452 65.33758489567853
452 70.2922470831599
452 58.5064099052403
452 63.59245238233858
452 51.96152422706632
452 28.61817604250837
452 34.51086785347479
452 46.76537180435969
452 61.7980582219215
452 74.35724578008521
452 61.94352266379432
452 58.19793810780584
452 31.749015732775085
452 69.54135460285484
452 68.60757975617562
452 33.406586176980134
452 48.774993593028796
453 61.098281481560505
453 30.512292604784715
453 79.07591289387686
453 45.21061822182926
453 25.238858928247925
453 86.85044617041412
453 78.42831121476478
453 85.0
453 83.89874850079708
453 64.21059102671458
453 79.64295323504773
453 64.09368143584827
453 50.239426748321875
453 68.28616258071617
453 74.22263805605402
453 46.67976006793523
453 65.64297372910524
453 104.76163419878482
453 19.0
453 53.0
453 92.89241088485109
453 54.147945482723536
453 56.92978130996113
453 61.61168720299745
453 36.09709129556009
453 55.758407437802596
453 74.74623736349542
453 84.04165633779478
453 55.569775957799216
453 77.0
453 54.836119483420774
453 83.43260753446461
453 63.647466563878254
453 56.929781309961136
453 50.08991914547277
453 107.9490620616965
453 78.79086241436883
453 83.71977066380437
453 38.31448812133603
453 74.98666548127073
453 40.59556626036888
453 80.80222769206304
453 67.53517601961218
453 69.0724257573165
453 46.130250378683186
453 51.97114584074513
453 37.80211634287159
453 65.36818798161687
453 92.3417565351667
453 83.5404093837228
453 88.3911760301898
453 64.21059102671458
453 95.64517760974674
453 56.34713834792323
453 56.824290580701486
453 62.55397669213365
453 81.72514912803769
453 105.78752289377042
453 98.0
453 57.16642371182581
453 61.220911460055866
453 88.3911760301898
453 23.259406699226016
453 6.557438524302
453 83.28865468957942
453 87.22958213817145
453 85.492689745966
453 95.25229656024048
453 86.97125962063559
453 37.8021163428716
453 14.933184523068078
453 48.569537778323564
453 77.73673520286275
453 30.51229260478471
453 49.42671342502959
453 58.92367945062494
453 55.4346462061408
453 91.03296106356201
453 80.876448982383
453 57.584720195551874
453 116.3486140871476
453 37.242448899072144
453 90.83501527494779
453 37.363083384538804
453 72.69112738154499
453 29.0516780926679
453 63.17436188834834
453 73.89857914736926
453 45.73838650411709
453 72.75300681071539
453 86.74675786448736
453 147.23790272888297
453 51.99999999999999
453 45.902069670114
453 52.25897052181568
453 75.02666192761077
453 28.687976575562104
453 60.60528029800703
453 81.9084855189009
453 107.08407911543154
453 71.52621896899066
453 51.6817182376902
453 47.69696007084728
453 33.77869150810907
453 55.67764362830022
453 43.0
453 100.17983829094554
453 61.147362984841784
453 45.70557952810576
453 28.792360097775937
453 93.47192091746055
453 43.139309220245984
453 85.84287972802403
453 41.2189276910499
453 98.24459272652109
453 25.35744466621193
453 69.0724257573165
453 60.50619802962338
453 103.58088626768937
453 96.00520819205592
453 55.97320787662612
453 87.88060081724521
453 83.89874850079708
453 45.21061822182926
453 69.39740629158989
453 47.28636167014755
453 34.39476704383968
453 22.338307903688676
453 72.75300681071539
453 52.08646657242167
453 81.50460109711598
453 52.43090691567331
453 45.967379738244816
453 76.70723564306043
453 65.36818798161687
453 71.12664760833313
453 82.96384754819415
453 55.97320787662612
453 73.36893075410055
453 66.7757440991862
453 59.10160742314882
453 62.0966987850401
453 81.50460109711598
453 34.65544690232691
453 66.05300901548694
453 49.48737212663449
453 124.3864944437297
453 95.0946896519464
453 77.89094941005662
453 34.698703145794944
453 46.67976006793523
453 61.245407991130236
453 54.616847217685496
453 32.96968304366907
453 92.9569792968769
453 91.39474820797966
453 79.56758133813042
453 35.59494346111537
453 122.74770873625299
453 66.46051459325304
453 70.78841713161836
453 86.26123115281858
453 53.842362503887216
453 61.220911460055866
453 46.16275555033516
453 66.55073252789934
453 80.72793816269557
453 34.0
453 11.789826122551595
453 61.245407991130236
453 96.1613227862429
453 72.69112738154499
453 18.027756377319946
453 68.5054742338158
453 67.53517601961218
453 66.30233781700309
453 75.1065909225016
453 71.02112361825881
453 80.5791536316931
453 0.9999999999999999
453 50.7444578254611
453 83.61220006673666
453 60.753600716336145
453 89.01685233707154
453 45.73838650411709
453 91.14823092084673
453 63.26926584053272
453 32.695565448543626
453 74.18220810949212
453 90.20532135079392
453 57.61076288333631
453 50.0
453 26.0
453 48.53864439804639
453 83.71977066380437
453 53.81449618829484
453 63.788713735268246
453 67.97793759742936
453 88.42510955605314
453 39.28103868280471
454 40.7308237088326
454 45.53020975132884
454 88.79189152169245
454 55.072679252057455
454 41.569219381653056
454 84.12490713219242
454 45.92385001282014
454 57.88782255362521
454 48.86716689148246
454 60.89334939055331
454 42.46174749112429
454 61.26173356998641
454 70.73895673530957
454 113.24751652906124
454 10.816653826391969
454 47.148700936505136
454 69.73521348644456
454 92.67685795278129
454 46.184412955021955
454 90.71383576941281
454 52.5642464038057
454 49.3254498205541
454 84.870489570875
454 73.13685801290619
454 51.176166327695945
454 41.38840417314975
454 88.70738413458035
454 27.874719729532707
454 76.1511654539837
454 87.78952101475437
454 64.15605972938177
454 5.196152422706632
454 47.843494855622744
454 72.18725649309579
454 95.45155839482139
454 74.35724578008521
454 41.38840417314975
454 98.78765105011861
454 29.546573405388312
454 43.71498598878879
454 101.4248490262618
454 71.39327699440614
454 72.58098924649622
454 71.89575787207477
454 63.85138996137828
454 44.799553569204235
454 27.2213151776324
454 21.0
454 4.58257569495584
454 39.0
454 41.24318125460256
454 82.17663901620703
454 42.0
454 86.53323061113575
454 54.0277706369604
454 30.199337741082996
454 43.9203825119955
454 81.18497397917918
454 40.84115571332428
454 10.535653752852738
454 40.95119045888654
454 109.28403360052191
454 38.691084244306204
454 50.40833264451424
454 104.61357464497615
454 72.02083032012335
454 48.12483766206386
454 78.30708780180757
454 74.5385806143369
454 78.24960063795852
454 41.24318125460256
454 43.40506882842141
454 76.73982017179868
454 69.02173570694958
454 97.78036612735708
454 19.05255888325765
454 105.7402477772773
454 58.66003750424986
454 54.74486277268398
454 62.95236294214857
454 69.34695379034324
454 76.97402159170326
454 36.66060555964672
454 61.94352266379432
454 47.085029467974216
454 24.24871130596428
454 86.48121183239745
454 73.74957626996917
454 66.36264009214823
454 58.19793810780584
454 70.05711955254797
454 32.90896534380867
454 38.691084244306204
454 96.99484522385713
454 69.54135460285484
454 27.055498516937366
454 37.027017163147235
454 90.14987520790032
454 72.02083032012335
454 70.54785609782908
454 57.23635208501674
454 41.24318125460256
454 82.17663901620703
454 71.68681887209112
454 57.86190456595773
454 75.97367965289031
454 88.84255736976509
454 66.09084656743322
454 64.15605972938177
454 56.471231613982
454 103.18430113151904
454 111.01351269102334
454 43.508619835614184
454 67.50555532695068
454 70.92954250522133
454 31.74901573277509
454 45.92385001282014
454 88.79189152169245
454 79.37253933193772
454 68.60757975617562
454 67.8159273327439
454 24.43358344574123
454 94.53570753953238
454 50.1098792654702
454 96.38983348880731
454 113.99999999999999
454 114.35471131527551
454 126.58198924017586
454 52.73518749374084
454 99.91996797437437
454 44.799553569204235
454 27.055498516937366
454 42.0
454 56.04462507680821
454 85.74963556773871
454 26.664583251946766
454 63.237647015049504
454 3.4641016151377544
454 89.44830909525345
454 30.199337741083
454 36.864617182333525
454 53.075418038862395
454 55.018178813915675
454 74.71947537289057
454 81.2219182240853
454 114.01315713548152
454 72.0832851637604
454 57.86190456595773
454 53.693575034635195
454 72.74613391789285
454 35.79106033634656
454 51.64300533470143
454 27.874719729532707
454 52.848841046895245
454 91.8313671900838
454 49.3254498205541
454 52.5642464038057
454 38.57460304397182
454 58.27520913733386
454 50.58655947976695
454 70.2922470831599
454 100.50373127401788
454 78.93668348746354
454 90.0166651237425
454 34.07345007480164
454 84.92349498224857
454 57.41950887982237
454 33.0
454 38.57460304397182
454 66.70082458260917
454 28.930952282978865
454 43.9203825119955
454 27.2213151776324
454 32.078029864690876
454 21.0
454 93.64293886887575
454 86.96551040498757
454 29.444863728670914
454 82.21313763626833
454 37.26929030716845
454 61.26173356998641
454 84.07139822793481
454 99.87492177719089
454 54.0
454 91.34002408582997
454 72.02083032012335
454 68.0367547726962
454 64.08587988004847
454 106.53168542738821
454 101.86756107809786
454 99.24212815130478
454 18.0
454 34.64101615137754
454 37.749172176353746
454 109.98181667894016
454 56.04462507680822
454 71.58212067269312
454 82.86736390159881
454 45.0
454 44.19275958796871
455 56.824290580701486
455 73.97972695272672
455 62.55397669213365
455 47.791212581394085
455 72.79423054061358
455 102.9417310909429
455 63.90618123468183
455 13.0
455 65.0
455 99.45853407325085
455 96.13012014972206
455 48.507731342539614
455 38.157568056677825
455 35.0
455 109.0825375575761
455 94.01595609256974
455 78.92401408950256
455 79.68061244744545
455 65.50572494064927
455 70.14983962918232
455 32.92415526630866
455 119.57842614786331
455 61.09828148156051
455 61.48983655857283
455 49.48737212663448
455 70.14983962918234
455 24.269322199023193
455 80.46738469715541
455 96.37945839233586
455 24.269322199023193
455 68.76772498781678
455 43.0
455 75.62407024221852
455 63.50590523722971
455 85.246700815926
455 64.8613906727261
455 24.63736998950984
455 86.15683373940804
455 84.87638069569178
455 28.053520278211074
455 59.02541825349483
455 50.68530358989675
455 63.64746656387825
455 73.53230582539895
455 39.05124837953327
455 94.63614531456784
455 38.157568056677825
455 45.044422518220834
455 52.0
455 67.55738301621814
455 32.92415526630866
455 59.85816569190874
455 37.363083384538804
455 91.42756695876797
455 48.041648597857254
455 74.22263805605402
455 90.5704145954958
455 86.01744009211156
455 70.49113419430843
455 20.952326839756964
455 55.02726596879042
455 92.08148565265441
455 62.26556030423239
455 54.83611948342078
455 92.24424101265076
455 87.70974860299167
455 43.485629810317796
455 70.40596565632774
455 32.60368077380221
455 44.170125650715555
455 9.539392014169456
455 55.86591089385369
455 71.84010022264724
455 61.24540799113024
455 97.13907555664713
455 41.32795663954365
455 51.39066063011839
455 63.17436188834834
455 75.38567503179898
455 31.096623610932426
455 54.147945482723536
455 27.784887978899608
455 112.8007092176286
455 47.50789408087881
455 99.74467404327912
455 109.82258419833327
455 106.0
455 35.679125549822544
455 73.51190379795642
455 75.54468876102409
455 77.6595132614157
455 56.0
455 86.53900854527974
455 78.79086241436883
455 65.27633568147036
455 29.512709126747414
455 106.22617379911601
455 109.74060324237333
455 58.642987645583
455 65.4828221749796
455 48.815980989835694
455 48.13522618623496
455 110.80162453682708
455 68.0881781221968
455 106.05658866850281
455 82.05485969764375
455 49.759421218498915
455 59.3548650070068
455 64.28063471995279
455 26.851443164195103
455 61.61168720299745
455 29.206163733020464
455 83.0
455 103.58088626768937
455 14.0
455 35.59494346111537
455 60.654760736483
455 62.505999712027645
455 63.505905237229705
455 106.01414999895061
455 71.08445681019164
455 71.63099887618489
455 68.72408602520662
455 36.345563690772494
455 36.59234892706397
455 15.132745950421556
455 99.95498987044118
455 16.64331697709324
455 44.97777228809804
455 21.93171219946131
455 32.96968304366907
455 7.211102550927978
455 50.47771785649585
455 99.68450230602548
455 96.96906723280367
455 9.539392014169456
455 73.97972695272672
455 83.01807032206904
455 24.515301344262525
455 61.14736298484179
455 62.864934582006846
455 28.792360097775937
455 29.512709126747414
455 54.56189146281496
455 54.83611948342078
455 45.21061822182926
455 50.71488933242386
455 101.68087332433765
455 82.23746105030237
455 40.0374824383352
455 69.46221994724903
455 57.29746940310715
455 82.45604889879213
455 18.35755975068582
455 36.71511950137164
455 40.14971979976946
455 24.758836806279895
455 45.902069670114
455 92.60129588726068
455 69.39740629158989
455 86.71216754296942
455 92.71461589199407
455 35.510561809129406
455 60.654760736483
455 78.2559901860554
455 96.93812459502195
455 88.0
455 89.23564310296643
455 41.90465367951393
455 70.76722405181653
455 83.28865468957942
455 107.36386729249277
455 67.35725647619564
455 91.0
455 26.28687885618983
455 81.35723692456621
455 30.805843601498726
455 74.48489779814429
455 70.87312607751969
455 114.03069762129844
455 76.31513611335565
455 48.692915295759406
455 90.90104509850258
455 122.97967311714567
455 58.84725991921799
455 32.2335229225724
455 63.31666447310692
455 40.92676385936225
455 65.20736154760442
455 114.24097338520886
455 120.21647141718975
455 32.14031735997639
455 98.53425800197614
455 29.816103031751148
455 143.2724676970422
455 65.50572494064927
455 28.053520278211074
455 60.63002556489647
455 31.76476034853718
455 51.068581339214816
456 96.56086163658648
456 57.654141221598294
456 46.57252408878007
456 101.12863096077193
456 14.177446878757825
456 42.035699113967404
456 115.87924749496779
456 118.57908753233008
456 56.7097875150313
456 72.642962494656
456 57.02630971753301
456 54.24942396007537
456 75.97367965289031
456 44.53088815642464
456 41.60528812542944
456 55.749439459065414
456 60.67124524847005
456 89.31405264570633
456 72.51896303726356
456 60.22457969965419
456 30.049958402633436
456 59.57348403442592
456 23.430749027719962
456 42.0
456 45.2990066116245
456 67.50555532695068
456 50.31898250163649
456 60.024994793835674
456 60.917977642072124
456 6.0
456 93.01612763386788
456 81.90238091777309
456 75.49834435270749
456 43.266615305567875
456 72.06247289678588
456 66.83561924602779
456 18.734993995195193
456 75.0199973340442
456 96.70056876771719
456 41.569219381653056
456 48.28043081829324
456 45.033320996790806
456 62.95236294214857
456 48.774993593028796
456 57.88782255362521
456 72.39475119095306
456 81.4616474176652
456 77.90378681424929
456 57.23635208501674
456 88.60586888011426
456 19.672315572906
456 51.02940328869229
456 24.24871130596428
456 38.301436004411116
456 28.513154858766505
456 21.0
456 96.9484399049309
456 64.71475874945375
456 118.19898476721363
456 63.3798075099633
456 37.469987990390386
456 59.093146810776624
456 99.06058752097123
456 61.94352266379432
456 44.53088815642464
456 88.38551917593742
456 21.702534414210707
456 9.0
456 45.92385001282014
456 107.37318100903968
456 49.3254498205541
456 86.75828490697589
456 59.57348403442592
456 58.557663887829406
456 100.59324032955693
456 30.199337741082996
456 109.66767983321247
456 65.19969325081216
456 58.966091951222275
456 10.535653752852738
456 29.13760456866693
456 64.64518543557594
456 95.63994981178107
456 57.41950887982237
456 31.606961258558215
456 35.53871128783372
456 93.0
456 83.19254774317228
456 82.17663901620703
456 79.50471684120383
456 13.527749258468683
456 63.23764701504951
456 75.97367965289031
456 76.62245101796209
456 53.693575034635195
456 31.32091952673165
456 30.789608636681304
456 70.2922470831599
456 62.44997998398398
456 16.522711641858304
456 52.848841046895245
456 74.11477585475112
456 104.79980916013159
456 85.85452812752511
456 96.38983348880731
456 102.71806072935762
456 62.42595614005443
456 84.12490713219242
456 71.89575787207477
456 88.50423718670197
456 68.82586723027906
456 60.09991680526688
456 51.64300533470143
456 47.148700936505136
456 38.301436004411116
456 83.91066678319271
456 49.92995093127971
456 65.88626564011653
456 36.373066958946424
456 96.06247966818262
456 43.09292285283048
456 67.50555532695068
456 79.16438593205912
456 53.693575034635195
456 83.37265738837884
456 85.74963556773871
456 75.71657678474378
456 25.98076211353316
456 79.89993742175271
456 57.02630971753301
456 34.11744421846396
456 55.560777532356404
456 60.6217782649107
456 35.369478367654786
456 126.99606293110034
456 45.033320996790806
456 19.974984355438178
456 63.66317616958802
456 43.71498598878879
456 75.35914012248281
456 57.0
456 38.691084244306204
456 74.27651041883968
456 64.15605972938177
456 37.26929030716845
456 60.67124524847005
456 10.535653752852738
456 87.78952101475437
456 79.89993742175271
456 26.664583251946766
456 17.05872210923198
456 77.14920608794364
456 28.61817604250837
456 77.44029958619736
456 73.62744053679987
456 94.17005893594843
456 65.19969325081216
456 125.8213018530646
456 37.589892258425
456 93.57884376289331
456 69.19537556802477
456 81.4616474176652
456 40.28647415696737
456 43.71498598878879
456 84.87048957087498
456 81.62720134857007
456 125.03199590504823
456 81.6639455328972
456 72.18725649309579
456 21.071307505705477
456 102.01470482239313
456 32.35737937472687
456 78.01922839915811
456 44.53088815642464
456 56.04462507680822
456 49.38623289946298
456 23.811761799581312
456 45.0
456 64.64518543557594
456 86.06392972668631
456 37.5099986670221
456 42.532340636273474
456 79.73079706111058
456 31.796226191169293
456 13.07669683062202
456 71.68681887209112
456 95.68698971124549
456 88.63972021616495
456 83.21057625085888
456 48.86716689148246
456 33.18132004607411
456 40.95119045888654
456 53.3572862878164
456 77.20751258783046
456 62.6418390534633
456 64.71475874945374
456 100.41414243023738
456 96.01562372864116
456 26.664583251946766
456 71.07742257566744
457 39.50949253027682
457 25.357444666211933
457 42.790185790669334
457 71.71471257698799
457 57.192656871315215
457 66.7757440991862
457 60.05830500438719
457 25.534290669607408
457 26.90724809414742
457 39.509492530276816
457 100.58329881247681
457 64.4437739428721
457 77.48548251124207
457 66.9552089086428
457 30.805843601498726
457 67.1341939699882
457 70.19259220174163
457 45.21061822182926
457 32.41913015489465
457 61.61168720299745
457 103.8123306741545
457 66.55073252789934
457 64.4437739428721
457 43.034869582700026
457 83.50449089719666
457 71.04224095564552
457 74.80641683706017
457 42.579337712087536
457 23.065125189341593
457 63.45864795282043
457 15.999999999999998
457 46.8081189538738
457 15.524174696260022
457 72.75300681071539
457 77.50483855863452
457 71.35825109964509
457 65.0
457 69.3757882838098
457 66.64082832618455
457 47.57099956906519
457 38.742741255621034
457 51.507281038703645
457 94.31860898041276
457 20.51828452868319
457 89.73850901368931
457 62.385895841928885
457 17.435595774162692
457 98.32090316916336
457 34.219877264537345
457 65.96211033616193
457 73.77669008569035
457 105.13324878457813
457 67.97793759742936
457 25.238858928247925
457 77.54353615872827
457 89.50418984606252
457 108.12955192730617
457 106.71925786848408
457 65.0
457 56.55970296951709
457 28.21347195933177
457 24.576411454889016
457 62.74551776820397
457 39.395431207184416
457 92.26050075736637
457 71.18988692223074
457 63.31666447310692
457 54.836119483420774
457 73.65459931328118
457 20.518284528683193
457 13.0
457 95.39392014169457
457 60.50619802962338
457 50.08991914547277
457 77.1167945391923
457 44.034077712607996
457 57.087651904768336
457 112.65433857601757
457 51.15662224971465
457 77.07788269017253
457 80.67217612039482
457 61.098281481560505
457 71.71471257698799
457 79.32212806020776
457 35.510561809129406
457 50.26927491022722
457 115.85767130406168
457 71.71471257698799
457 51.44900387762624
457 52.028838157314254
457 44.44097208657794
457 79.07591289387686
457 57.29746940310715
457 51.39066063011839
457 101.11874208078342
457 56.02677931132576
457 72.38093671679029
457 107.67079455451233
457 31.192947920964443
457 100.37429949942366
457 31.096623610932426
457 65.09224224129939
457 85.77295611088614
457 64.5832795698701
457 86.71216754296942
457 42.579337712087536
457 53.563046963368315
457 119.52823934116991
457 80.31811750782012
457 67.66830868286867
457 54.3415126767741
457 43.31281565541543
457 48.53864439804639
457 45.70557952810576
457 82.0182906430023
457 99.53391381835641
457 33.8673884437522
457 87.70974860299168
457 75.94076639065476
457 31.432467291003423
457 90.35485598461214
457 70.70360669725413
457 52.028838157314254
457 80.29943959953893
457 68.4178339323893
457 14.422205101855956
457 63.97655820689325
457 16.46207763315433
457 20.952326839756964
457 51.09794516416487
457 117.75822688882505
457 34.655446902326915
457 60.00833275470999
457 65.64297372910524
457 104.04326023342406
457 18.193405398660254
457 130.6560369826056
457 56.10704055642215
457 86.97125962063559
457 42.7551166528639
457 72.62919523166975
457 15.524174696260022
457 38.43175770115127
457 120.20399327809372
457 56.45352070508977
457 90.7028114227999
457 33.77869150810907
457 42.43819034784589
457 85.49268974596599
457 40.70626487409524
457 40.63249930782009
457 57.29746940310715
457 55.10898293381941
457 84.78797084492588
457 67.66830868286867
457 62.553976692133645
457 55.97320787662612
457 31.480152477394387
457 32.78719262151
457 42.930175867331364
457 47.69696007084728
457 41.617304093369626
457 41.58124577258358
457 83.28865468957942
457 5.5677643628300215
457 130.18448448259878
457 46.16275555033516
457 96.00520819205592
457 35.552777669262355
457 74.98666548127073
457 48.4458460551573
457 101.11874208078342
457 77.17512552629896
457 36.71511950137164
457 74.98666548127073
457 93.66429415737889
457 43.965895873961216
457 59.757844673314644
457 81.0617048920142
457 83.10836299675262
457 45.70557952810576
457 23.895606290697042
457 76.31513611335565
457 79.75587752636166
457 40.70626487409524
457 35.0
457 51.09794516416487
457 62.19324722186485
457 103.69667304209909
457 98.65596788841515
457 68.43975452907469
457 13.0
457 90.53728513711906
457 57.97413216254298
457 34.39476704383968
457 19.697715603592208
457 79.92496481075234
457 40.59556626036888
457 100.17983829094555
457 62.960304954788775
458 56.31163290120435
458 117.46063170271135
458 61.7980582219215
458 111.01351269102334
458 61.7980582219215
458 109.5308175811721
458 129.7420517796755
458 125.60652849274993
458 53.86093203798092
458 40.50925820105819
458 69.19537556802477
458 67.50555532695068
458 54.990908339470074
458 85.60957890329796
458 72.3325652801005
458 89.71621926942753
458 51.176166327695945
458 64.96922348312314
458 68.69497798238238
458 87.27542609463445
458 100.9504829111778
458 23.811761799581316
458 38.22302970723278
458 78.47929663293371
458 48.28043081829324
458 23.430749027719962
458 60.22457969965419
458 62.42595614005443
458 44.395945760846224
458 62.52199612936234
458 96.56086163658648
458 95.24704719832526
458 77.90378681424929
458 42.14261501141095
458 19.519221295943137
458 43.57751713900185
458 65.10760324263211
458 71.14070564732964
458 83.04817878797824
458 94.59915433025816
458 77.09085548883213
458 108.1249277456406
458 76.50490180374065
458 65.79513659838392
458 54.24942396007537
458 120.33702672078947
458 10.816653826391969
458 72.642962494656
458 54.0277706369604
458 64.96922348312314
458 69.0
458 62.52199612936234
458 93.06449376641986
458 82.21313763626833
458 50.40833264451424
458 19.28730152198591
458 25.980762113533157
458 31.74901573277509
458 59.924953066314536
458 51.73006862551025
458 51.46843692983108
458 67.8159273327439
458 25.514701644346147
458 60.32412452742269
458 77.67238891652555
458 72.18725649309579
458 40.50925820105819
458 66.83561924602779
458 94.02659198333204
458 12.0
458 79.95623803056269
458 100.35437210206639
458 61.57921727336261
458 72.06247289678588
458 80.57294831393475
458 78.689262291624
458 28.930952282978865
458 89.06177631284928
458 59.57348403442592
458 35.369478367654786
458 28.618176042508367
458 67.50555532695068
458 47.148700936505136
458 72.74613391789285
458 73.62744053679987
458 86.79285684893658
458 55.50675634551167
458 105.01428474260061
458 19.672315572906
458 82.28608630868283
458 81.6639455328972
458 82.83115355951527
458 33.04542328371661
458 61.506097258727124
458 82.61355820929153
458 81.55366331440912
458 34.597687784012386
458 38.57460304397182
458 91.10982383914481
458 86.02906485601247
458 99.0151503558925
458 65.79513659838392
458 67.10439627923046
458 21.702534414210707
458 32.078029864690876
458 69.34695379034324
458 85.2936105461599
458 94.44045743218315
458 18.33030277982336
458 116.8075340035907
458 55.072679252057455
458 60.32412452742269
458 47.085029467974216
458 79.22120928135344
458 97.78036612735708
458 14.177446878757825
458 52.421369688324624
458 60.09991680526688
458 67.63874629234341
458 9.643650760992955
458 52.04805471869242
458 112.40996397117117
458 70.92954250522133
458 70.63285354564121
458 49.1121166312347
458 81.18497397917918
458 51.11751167652823
458 55.749439459065414
458 42.0
458 11.357816691600547
458 85.53946457629952
458 56.630380539071076
458 54.0277706369604
458 85.74963556773871
458 51.96152422706632
458 28.618176042508367
458 102.52804494381037
458 65.19969325081216
458 66.90291473471092
458 80.55432949258531
458 82.61355820929153
458 81.6639455328972
458 67.54998149518622
458 90.71383576941281
458 58.5064099052403
458 34.597687784012386
458 75.97367965289031
458 80.72174428244226
458 61.7980582219215
458 30.789608636681304
458 52.56424640380569
458 97.18024490605073
458 80.85171612278863
458 22.11334438749598
458 93.78699270154684
458 100.59324032955693
458 116.92305161943047
458 86.02906485601247
458 58.96609195122227
458 110.26785569693463
458 28.930952282978865
458 22.9128784747792
458 98.14784765851975
458 111.0810514894417
458 70.92954250522133
458 85.13518661517105
458 60.32412452742269
458 40.7308237088326
458 102.58654882585728
458 60.398675482166
458 25.865034312755125
458 81.0740402348372
458 73.01369734508724
458 133.52527850560733
458 52.04805471869242
458 59.19459434779497
458 50.76416058598822
458 42.14261501141095
458 66.56575696257048
458 30.789608636681304
458 73.3007503372237
458 15.874507866387544
458 40.95119045888654
458 42.035699113967404
458 82.28608630868283
458 43.40506882842141
458 39.344631145812
458 107.84711400867434
458 63.49803146555018
458 81.1664955508121
458 60.09991680526688
458 98.08669634563088
458 103.76415566080611
458 98.14784765851975
458 89.71621926942753
458 84.01785524517987
458 60.89334939055332
458 24.0
458 53.3572862878164
458 33.04542328371661
459 75.44534445544006
459 82.0182906430023
459 35.34119409414458
459 71.02112361825881
459 29.0
459 39.35733730830886
459 63.31666447310692
459 70.14983962918234
459 30.610455730027933
459 88.27230596285564
459 81.28345465099278
459 53.67494760127857
459 63.41135544995076
459 70.19259220174163
459 82.6559132790873
459 29.816103031751148
459 50.50742519669756
459 67.66830868286867
459 19.697715603592208
459 110.25878649794764
459 86.62563131083085
459 75.50496672405067
459 44.30575583375144
459 112.30761327710601
459 71.92357054540604
459 73.02054505411473
459 72.77362159464101
459 18.027756377319946
459 38.0
459 14.730919862656235
459 58.232293446162664
459 45.50824101193101
459 86.01744009211156
459 61.0
459 53.225933528685054
459 101.37060717979348
459 92.04890004774636
459 67.29041536504289
459 66.46051459325304
459 46.51881339845203
459 66.46051459325304
459 77.54353615872827
459 63.92964883369844
459 68.54925236645546
459 86.0
459 96.81425514871248
459 67.66830868286867
459 77.58221445666526
459 93.53608929178085
459 108.7382177525455
459 57.16642371182581
459 11.269427669584644
459 95.25229656024048
459 43.034869582700026
459 58.92367945062494
459 62.864934582006846
459 57.99999999999999
459 75.18643494673756
459 79.75587752636166
459 68.4178339323893
459 32.7414110874898
459 91.7877987534291
459 128.1288414058287
459 54.67174773134658
459 104.3599540053559
459 88.88194417315589
459 76.60939890117922
459 49.78955713801841
459 32.69556544854363
459 87.22958213817145
459 51.21523210920751
459 63.55312738174259
459 23.515952032609693
459 48.507731342539614
459 51.6817182376902
459 86.4175908018732
459 51.39066063011839
459 24.63736998950984
459 68.08817812219681
459 93.18261640456335
459 85.07055894961546
459 88.66228059327146
459 94.39809320108114
459 26.962937525425527
459 82.23746105030237
459 65.0
459 66.14378277661477
459 92.97311439335566
459 71.04224095564554
459 66.84309986827361
459 81.28345465099278
459 68.35202996254024
459 41.94043395102154
459 29.715315916207253
459 52.716221412388805
459 37.0
459 54.506880299646575
459 59.80802621722271
459 78.88599368709251
459 94.93682109698007
459 21.656407827707714
459 68.63672486358888
459 117.47765745025733
459 14.0
459 59.50630218724736
459 52.08646657242167
459 103.5519193448388
459 44.64302857109942
459 100.9554357129917
459 53.67494760127857
459 44.13615298142782
459 87.72684879784524
459 60.35726965329031
459 51.419840528729765
459 72.17340230306452
459 33.8673884437522
459 60.753600716336145
459 32.69556544854363
459 97.63196197967139
459 65.57438524302
459 106.22617379911601
459 26.90724809414742
459 52.20153254455275
459 22.06807649071391
459 105.92922165295089
459 36.345563690772494
459 93.95211546314431
459 54.83611948342078
459 44.67661580737735
459 96.37945839233586
459 17.52141546793523
459 22.538855339169288
459 6.082762530298219
459 64.28063471995279
459 96.81425514871246
459 71.04224095564554
459 33.77869150810907
459 36.59234892706397
459 77.62087348130012
459 46.22769732530488
459 59.632206063502295
459 35.679125549822544
459 20.29778313018444
459 53.50700888668698
459 74.18220810949214
459 67.75691846593969
459 102.56217626396194
459 81.61494961096282
459 45.967379738244816
459 82.27393268830657
459 68.94200461257273
459 86.15683373940804
459 59.10160742314882
459 22.538855339169288
459 64.37390775772433
459 63.26926584053272
459 54.83611948342078
459 86.15683373940804
459 93.05374790947434
459 79.83107164506812
459 60.55575942881073
459 30.512292604784715
459 99.45853407325085
459 35.04283093587046
459 50.7444578254611
459 61.098281481560505
459 61.220911460055866
459 37.72267222772003
459 90.6697303403953
459 33.95585369269929
459 80.72793816269557
459 85.8079250419214
459 53.028294334251406
459 68.5054742338158
459 66.73080248281148
459 78.8098978555359
459 67.35725647619564
459 73.97972695272672
459 80.54191455385202
459 101.82828683622247
459 55.02726596879042
459 83.89874850079708
459 36.51027252705737
459 105.53198567259123
459 72.131823767322
459 55.054518434003214
459 59.55669567731239
459 48.38388161361178
459 78.3517708797957
459 66.7757440991862
459 38.58756276314948
459 65.55150646628954
459 66.64082832618455
459 58.283788483591216
459 69.63476143421474
459 70.19259220174163
459 47.75981574503821
459 51.15662224971465
459 71.63099887618489
459 74.74623736349542
460 118.73078791956196
460 57.105166141076936
460 61.212743771211564
460 75.47847375245475
460 71.14070564732964
460 75.71657678474378
460 75.43871685016917
460 42.532340636273474
460 24.979991993593593
460 81.62720134857007
460 36.29049462324811
460 87.92610533851708
460 86.81013765684283
460 75.31932023060219
460 19.28730152198591
460 72.18725649309579
460 112.6232658024087
460 49.68903299521938
460 87.42997197757758
460 60.22457969965419
460 89.44830909525345
460 100.93562304756433
460 72.02083032012335
460 72.02083032012335
460 21.702534414210707
460 79.89993742175271
460 33.04542328371661
460 40.95119045888654
460 22.64950330581225
460 52.848841046895245
460 84.64041587799531
460 46.57252408878007
460 29.999999999999996
460 53.01886456724625
460 78.82258559575422
460 60.67124524847005
460 70.54785609782908
460 38.22302970723278
460 39.153543900903784
460 72.3325652801005
460 55.749439459065414
460 113.93419153177855
460 67.50555532695068
460 86.75828490697589
460 75.07995737878386
460 34.11744421846396
460 40.84115571332427
460 24.06241883103193
460 92.36882591004391
460 89.11228871485683
460 79.16438593205912
460 35.53871128783372
460 73.74957626996917
460 59.77457653551382
460 83.62415918859813
460 91.53687781435413
460 88.70738413458035
460 82.17663901620703
460 75.0199973340442
460 68.82586723027906
460 59.57348403442592
460 70.76015828133795
460 41.38840417314975
460 44.395945760846224
460 74.47818472546173
460 96.38983348880731
460 64.64518543557594
460 50.76416058598822
460 57.23635208501674
460 46.70117771534247
460 18.33030277982336
460 109.66767983321249
460 79.54244150137711
460 85.76712656956627
460 50.1098792654702
460 53.075418038862395
460 87.48142660016468
460 64.13267497929586
460 31.606961258558215
460 32.449961479175904
460 39.344631145812
460 81.0740402348372
460 43.57751713900185
460 71.14070564732964
460 69.19537556802477
460 42.88356328478313
460 98.14784765851975
460 68.4324484437025
460 48.774993593028796
460 107.76363022838457
460 60.32412452742269
460 66.36264009214823
460 94.40868604106298
460 84.01785524517987
460 66.34003316248794
460 95.24704719832526
460 94.50396817065408
460 69.19537556802477
460 52.421369688324624
460 78.82258559575422
460 61.55485358604957
460 64.15605972938175
460 51.46843692983108
460 108.22199406774946
460 96.94843990493091
460 19.974984355438178
460 46.50806381693394
460 69.34695379034324
460 35.15679166249389
460 71.89575787207477
460 61.506097258727124
460 102.45486811274513
460 61.99193495931547
460 39.153543900903784
460 66.81317235396027
460 108.8852607105296
460 23.302360395462088
460 99.24212815130477
460 83.62415918859813
460 33.04542328371661
460 24.24871130596428
460 47.148700936505136
460 54.69003565550127
460 58.66003750424986
460 113.45924378383631
460 57.105166141076936
460 60.09991680526688
460 94.72592042308166
460 67.54998149518622
460 28.827070610799147
460 28.61817604250837
460 48.774993593028796
460 73.66817494685205
460 63.37980750996329
460 104.97142468310126
460 51.176166327695945
460 56.99999999999999
460 54.58021619598075
460 18.33030277982336
460 56.20498198558558
460 48.774993593028796
460 63.66317616958802
460 61.7980582219215
460 56.7097875150313
460 55.5607775323564
460 56.04462507680821
460 99.24212815130478
460 103.93748120865735
460 73.62744053679987
460 62.42595614005443
460 32.07802986469088
460 129.10460874810008
460 70.92954250522133
460 40.84115571332428
460 34.597687784012386
460 39.038442591886266
460 40.50925820105819
460 43.71498598878879
460 71.58212067269312
460 88.50423718670197
460 122.3396910246221
460 112.26308386998818
460 108.8852607105296
460 62.856980519270884
460 90.515192095029
460 105.65509926170151
460 57.47173218200405
460 107.09341716464182
460 100.9504829111778
460 62.37788069500277
460 73.01369734508724
460 77.38216848861241
460 56.7097875150313
460 103.79306335203717
460 60.024994793835674
460 49.50757517794625
460 86.02906485601247
460 61.99193495931547
460 54.4426303552648
460 39.68626966596886
460 108.22199406774946
460 83.62415918859813
460 49.3254498205541
460 93.57884376289333
460 118.18629362155326
460 71.26710321038733
460 34.597687784012386
460 13.74772708486752
460 75.07995737878386
460 22.64950330581225
460 73.54590403278758
460 80.72174428244226
460 70.37755323965163
460 67.43886120034946
460 54.02777063696039
460 71.58212067269312
460 30.643106892089126
460 98.08669634563088
460 62.52199612936234
460 70.54785609782908
461 36.345563690772494
461 67.97793759742936
461 83.88086790204308
461 69.41901756723442
461 54.616847217685496
461 106.40958603434186
461 67.97793759742936
461 58.79625838435639
461 73.36893075410055
461 92.26050075736637
461 63.97655820689325
461 97.86214794290998
461 54.99999999999999
461 106.35318518972528
461 55.21775076911409
461 75.6042326857432
461 78.61933604400383
461 122.44182292011173
461 64.49030934954492
461 65.96211033616193
461 86.43494663618414
461 64.21059102671458
461 44.57577817604534
461 65.09224224129939
461 52.11525688318153
461 88.61151166750288
461 40.26164427839479
461 93.50401060917119
461 47.82258880487337
461 107.50348831549607
461 79.83107164506812
461 90.5704145954958
461 73.53230582539894
461 51.215232109207506
461 55.38050198400155
461 63.647466563878254
461 100.16486409914407
461 51.73973328110611
461 77.1167945391923
461 107.50348831549606
461 66.9552089086428
461 35.679125549822544
461 29.816103031751148
461 75.22632517942107
461 35.38361202590826
461 101.72511980823614
461 33.645207682521445
461 90.83501527494779
461 81.8535277187245
461 20.074859899884732
461 92.14662229295223
461 130.09227494359533
461 41.58124577258358
461 110.39474625180313
461 66.007575322837
461 44.710177812216315
461 41.0731055558257
461 84.78797084492588
461 50.566787519082126
461 68.35202996254024
461 75.14652353901675
461 104.51794104363135
461 110.34038245356955
461 69.72087205421343
461 106.71925786848408
461 49.42671342502958
461 72.38093671679029
461 73.0
461 41.86884283091664
461 37.242448899072144
461 98.50380703302791
461 78.71467461661771
461 68.5054742338158
461 45.044422518220834
461 77.54353615872827
461 96.53496775780266
461 43.0
461 103.81233067415451
461 83.73768566183328
461 96.14572273377532
461 45.902069670114
461 44.54211490264017
461 71.86097689288673
461 63.22183167229497
461 59.80802621722271
461 65.0
461 35.08560958569767
461 41.58124577258358
461 113.85956261992226
461 79.47326594522211
461 50.47771785649585
461 63.52952069707436
461 117.88553770501282
461 69.15923654870693
461 44.034077712607996
461 23.065125189341593
461 67.80117993073571
461 30.999999999999996
461 83.5404093837228
461 58.38664230798
461 45.70557952810576
461 45.50824101193101
461 56.66568626602875
461 51.09794516416487
461 49.12229636326054
461 52.25897052181568
461 82.34682750416071
461 25.709920264364882
461 43.86342439892262
461 50.23942674832188
461 32.18695387886216
461 51.97114584074513
461 51.09794516416486
461 56.32051136131489
461 85.28188553262645
461 47.12748667179272
461 66.7757440991862
461 67.02238432046416
461 7.999999999999999
461 63.55312738174259
461 44.54211490264017
461 60.30754513325841
461 31.096623610932426
461 47.75981574503821
461 9.539392014169456
461 72.38093671679029
461 45.902069670114
461 30.512292604784715
461 56.55970296951709
461 90.66973034039529
461 65.02307282803542
461 59.65735495309862
461 38.742741255621034
461 83.5404093837228
461 69.41901756723442
461 76.3740793725201
461 20.663978319771825
461 91.88579868510693
461 66.007575322837
461 50.08991914547278
461 61.44102863722254
461 68.08817812219681
461 69.46221994724901
461 19.157244060668017
461 73.0
461 111.50336317797773
461 79.83107164506812
461 31.240998703626616
461 93.6162379077476
461 47.885279575251516
461 2.6457513110645907
461 49.72926703662542
461 71.92357054540605
461 118.69709347747316
461 91.2633551870629
461 26.057628441590765
461 36.05551275463989
461 55.97320787662612
461 12.288205727444508
461 116.09048195265622
461 49.0
461 29.866369046136157
461 21.93171219946131
461 65.09224224129939
461 102.79591431569642
461 38.43175770115127
461 99.68450230602548
461 51.068581339214816
461 66.46051459325304
461 49.36598018878993
461 91.7551088495894
461 28.687976575562104
461 69.50539547402057
461 52.20153254455275
461 74.34379597518544
461 27.784887978899608
461 49.15282290977803
461 63.221831672294975
461 66.73080248281148
461 80.43009387039157
461 48.692915295759406
461 32.78719262151
461 62.26556030423239
461 109.0825375575761
461 62.601916903558156
461 47.50789408087881
461 61.73329733620261
461 44.23799272118933
461 94.49338601193207
461 87.70974860299168
461 107.12609392673663
461 64.37390775772433
461 68.11020481543129
461 82.34682750416071
461 99.2320512737694
461 69.54854419756032
461 96.19251530134764
461 77.34985455707076
461 46.8081189538738
461 43.2087954009366
462 66.0
462 92.96773633901172
462 58.19793810780585
462 86.02906485601247
462 81.6639455328972
462 79.67433714816835
462 15.588457268119896
462 70.37755323965163
462 39.61060464067672
462 77.67238891652555
462 47.62352359916263
462 58.966091951222275
462 93.01612763386788
462 37.5099986670221
462 64.50581369148055
462 18.33030277982336
462 69.73521348644456
462 61.99193495931547
462 40.7308237088326
462 30.04995840263344
462 52.848841046895245
462 110.85125168440814
462 111.96874563912914
462 70.2922470831599
462 83.37265738837884
462 71.39327699440612
462 65.47518613948341
462 60.32412452742269
462 80.51707893360265
462 21.633307652783937
462 49.50757517794625
462 82.17663901620703
462 91.9945650568554
462 31.606961258558215
462 99.37806599043876
462 79.89993742175271
462 45.13313638558703
462 43.57751713900185
462 25.15949125081825
462 39.0
462 130.52585950684255
462 72.39475119095306
462 44.53088815642464
462 38.691084244306204
462 94.44045743218317
462 77.94228634059948
462 94.40868604106298
462 60.77005841695399
462 61.7980582219215
462 87.78952101475437
462 81.6639455328972
462 36.0
462 79.37253933193772
462 90.86253353280438
462 42.14261501141095
462 54.4426303552648
462 94.53570753953238
462 60.695963621974066
462 42.035699113967404
462 56.20498198558558
462 37.749172176353746
462 74.11477585475112
462 69.73521348644456
462 94.59915433025816
462 110.99999999999999
462 44.22668877499196
462 54.74486277268398
462 70.31358332498777
462 81.90238091777309
462 94.02659198333204
462 97.59610647971567
462 44.19275958796871
462 37.5099986670221
462 37.749172176353746
462 89.14594774862175
462 19.05255888325765
462 66.90291473471092
462 39.03844259188627
462 77.90378681424929
462 66.15889962809237
462 37.5099986670221
462 66.34003316248794
462 74.35724578008521
462 106.58799181896617
462 63.85138996137828
462 31.74901573277509
462 120.31209415515964
462 90.0
462 58.66003750424986
462 72.0832851637604
462 89.44830909525345
462 102.93687385966216
462 93.01612763386788
462 40.7308237088326
462 27.874719729532707
462 64.15605972938177
462 87.06893820416096
462 102.58654882585728
462 69.2820323027551
462 78.8225855957542
462 74.63913182774837
462 42.035699113967404
462 80.88881257627658
462 57.0
462 93.64293886887575
462 78.1728853247723
462 63.21392251711643
462 38.691084244306204
462 21.0
462 34.597687784012386
462 79.54244150137711
462 70.88723439378913
462 43.57751713900185
462 25.865034312755125
462 100.35437210206639
462 28.354893757515647
462 73.01369734508724
462 49.3254498205541
462 57.02630971753301
462 30.789608636681304
462 82.7768083462995
462 30.199337741083
462 30.0
462 13.856406460551018
462 64.64518543557594
462 42.46174749112429
462 71.26710321038733
462 37.027017163147235
462 104.31203190428226
462 89.44830909525345
462 73.74957626996917
462 65.33758489567853
462 28.827070610799147
462 50.3189825016365
462 88.84255736976509
462 91.9945650568554
462 78.4792966329337
462 36.373066958946424
462 41.38840417314975
462 42.14261501141095
462 92.7739187487518
462 59.19459434779497
462 102.19099764656376
462 57.23635208501673
462 30.347981810987037
462 100.68266980965493
462 57.105166141076936
462 59.57348403442592
462 87.01723967122837
462 52.04805471869242
462 74.5385806143369
462 41.24318125460256
462 84.01785524517987
462 46.89349635077342
462 25.632011235952593
462 31.74901573277509
462 93.57884376289333
462 55.072679252057455
462 56.31163290120435
462 32.449961479175904
462 87.0
462 33.04542328371661
462 54.0277706369604
462 70.16409338115899
462 64.36614016701638
462 56.709787515031294
462 37.26929030716845
462 82.83115355951527
462 84.64041587799531
462 87.06893820416096
462 53.075418038862395
462 86.7928568489366
462 87.01723967122837
462 86.37708029332781
462 66.83561924602778
462 84.16056083463323
462 89.71621926942753
462 67.10439627923047
462 60.77005841695399
462 70.76015828133795
462 63.02380502635492
462 90.31611151948472
462 55.83009940883144
462 86.7928568489366
462 42.0
462 51.64300533470142
462 30.04995840263344
462 64.08587988004845
462 73.74957626996917
462 20.784609690826528
462 121.78669878110662
462 33.406586176980134
462 61.99193495931547
462 59.57348403442592
462 49.38623289946298
462 43.266615305567875
462 52.848841046895245
462 84.48076704197234
462 40.95119045888654
462 37.469987990390386
463 94.77868958790262
463 72.85602240034794
463 65.55150646628954
463 29.0516780926679
463 33.51119216023208
463 89.0
463 92.71461589199407
463 51.97114584074513
463 7.0
463 102.21056696839128
463 83.61220006673668
463 36.345563690772494
463 78.88599368709251
463 45.574115460423364
463 52.25897052181568
463 61.87891401761993
463 57.61076288333631
463 89.70507232035433
463 55.43464620614079
463 65.27633568147036
463 49.27473997901968
463 50.0
463 38.0
463 73.18469785412795
463 44.13615298142782
463 57.50652136931949
463 68.76772498781678
463 25.238858928247925
463 109.89085494252922
463 43.485629810317796
463 65.5972560401729
463 73.51190379795642
463 67.66830868286867
463 85.07055894961546
463 28.0
463 40.63249930782009
463 20.8806130178211
463 82.05485969764375
463 90.5704145954958
463 83.50449089719666
463 97.55511262870849
463 78.31347265956222
463 28.687976575562104
463 55.054518434003214
463 96.28603221651622
463 56.45352070508977
463 43.0
463 97.92343948207701
463 50.08991914547277
463 65.18435395092905
463 96.93812459502195
463 39.849717690342544
463 28.583211855912904
463 107.50348831549606
463 38.0
463 35.59494346111537
463 65.0
463 28.053520278211074
463 40.63249930782009
463 83.14445261110329
463 42.22558466143482
463 34.17601498127012
463 137.50272724568046
463 83.01807032206904
463 108.06016842481785
463 36.345563690772494
463 67.75691846593969
463 102.78132126023678
463 78.61933604400383
463 61.245407991130236
463 63.92964883369844
463 68.02205524680947
463 40.0374824383352
463 80.80222769206304
463 67.7347768875044
463 63.505905237229705
463 102.59142264341595
463 53.842362503887216
463 65.27633568147036
463 97.52435593224905
463 86.74675786448736
463 55.054518434003214
463 66.57326790837296
463 27.784887978899608
463 56.718603649948925
463 58.92367945062494
463 98.53425800197614
463 86.43494663618414
463 75.78258375114957
463 59.02541825349483
463 84.45116932286965
463 99.68450230602548
463 22.06807649071391
463 5.5677643628300215
463 48.041648597857254
463 58.591808301161
463 80.98765338000602
463 119.87910576910389
463 96.00520819205592
463 87.60707733967615
463 16.3707055437449
463 50.566787519082126
463 105.27582818482124
463 84.50443775329198
463 38.58756276314947
463 84.00595217006948
463 125.76565508913791
463 56.32051136131489
463 103.435970532499
463 41.58124577258358
463 60.85228015448558
463 36.013886210738214
463 52.82991576748916
463 70.61869440877535
463 53.45091205957107
463 79.98124780221923
463 65.77993615077473
463 1.9999999999999998
463 28.792360097775937
463 41.0731055558257
463 61.02458520956943
463 38.742741255621034
463 91.0
463 42.15447781671598
463 65.93936608733814
463 101.35580891098446
463 67.08949247087803
463 49.72926703662542
463 75.14652353901675
463 47.031904065219386
463 97.86214794290997
463 74.66592261534039
463 75.02666192761077
463 56.0
463 62.26556030423239
463 42.33202097703345
463 85.80792504192138
463 48.13522618623496
463 35.59494346111537
463 85.28188553262645
463 57.29746940310715
463 23.0
463 112.8007092176286
463 33.60059523282288
463 74.32361670424818
463 49.78955713801841
463 47.507894080878806
463 73.32803011127464
463 66.007575322837
463 64.21059102671458
463 91.804139340228
463 32.51153641401772
463 10.583005244258363
463 100.25467570143549
463 51.44900387762624
463 41.617304093369626
463 80.876448982383
463 74.48489779814429
463 65.96211033616193
463 96.6902270139025
463 58.89821729050889
463 87.46999485537883
463 79.77468270071653
463 81.50460109711598
463 66.84309986827361
463 70.0
463 85.77295611088614
463 113.13266548614507
463 14.730919862656235
463 79.47326594522211
463 24.879710609249454
463 89.82204629154248
463 67.26812023536856
463 67.66830868286867
463 71.33722730804723
463 83.50449089719666
463 39.1279950930277
463 44.64302857109942
463 54.064775963653084
463 63.50590523722971
463 85.246700815926
463 42.790185790669334
463 33.77869150810907
463 43.347433603386484
463 69.39740629158989
463 59.65735495309861
463 55.86591089385369
463 76.92203845452875
463 92.79547402756236
463 66.50563885867122
463 49.27473997901968
463 35.38361202590826
463 42.7551166528639
463 8.18535277187245
463 87.72684879784524
463 48.13522618623496
463 92.82779756085996
463 83.07225770376053
463 66.9552089086428
463 80.54191455385202
464 77.32399368889322
464 46.70117771534247
464 40.951190458886536
464 48.774993593028796
464 129.04650324592293
464 62.95236294214857
464 55.560777532356404
464 67.63874629234341
464 31.74901573277509
464 85.53946457629952
464 9.16515138991168
464 75.71657678474378
464 69.34695379034324
464 77.09085548883213
464 80.85171612278863
464 78.30708780180757
464 84.2852300228219
464 42.0
464 34.77067730142742
464 61.554853586049575
464 39.03844259188627
464 49.95998398718719
464 60.09991680526688
464 61.261733569986404
464 125.36745989290841
464 85.08231308562314
464 48.774993593028796
464 33.406586176980134
464 64.08587988004847
464 83.35466393669883
464 26.15339366124404
464 52.848841046895245
464 40.95119045888654
464 45.033320996790806
464 74.35724578008521
464 31.749015732775085
464 57.47173218200405
464 52.16320542297991
464 45.39823785126466
464 41.24318125460256
464 73.54590403278758
464 65.79513659838392
464 89.11228871485683
464 21.702534414210707
464 51.73006862551025
464 101.33607452432722
464 57.93962374748389
464 50.58655947976695
464 72.642962494656
464 113.16801668316009
464 45.033320996790806
464 76.73982017179868
464 60.22457969965419
464 94.29740187301027
464 78.93668348746354
464 39.344631145812
464 60.89334939055331
464 96.56086163658648
464 57.23635208501674
464 67.54998149518622
464 69.54135460285484
464 39.0
464 42.0
464 94.50396817065408
464 45.13313638558703
464 66.20422947214173
464 9.643650760992955
464 85.60957890329796
464 66.34003316248794
464 32.078029864690876
464 81.4616474176652
464 30.04995840263344
464 60.91797764207213
464 36.66060555964672
464 66.02272336097626
464 60.32412452742269
464 31.51190251317746
464 80.2932126645833
464 81.0
464 76.44605941446557
464 18.24828759089466
464 81.90238091777307
464 95.29428104561154
464 64.64518543557594
464 58.66003750424986
464 142.56577429383253
464 43.266615305567875
464 63.23764701504951
464 51.46843692983108
464 30.04995840263344
464 51.29327441292864
464 84.01785524517987
464 78.93668348746354
464 65.19969325081216
464 43.57751713900185
464 72.80796659706958
464 16.522711641858304
464 43.57751713900185
464 71.89575787207477
464 67.7716754994297
464 65.79513659838392
464 77.09085548883213
464 107.84711400867434
464 75.31932023060219
464 90.0166651237425
464 98.78765105011861
464 17.05872210923198
464 63.3798075099633
464 78.30708780180757
464 30.347981810987037
464 79.22120928135344
464 50.99999999999999
464 66.56575696257048
464 64.50581369148055
464 74.93997598078077
464 63.66317616958802
464 87.06893820416096
464 61.7980582219215
464 55.5607775323564
464 70.50531894828929
464 49.56813492557492
464 46.861498055439924
464 12.12435565298214
464 72.06247289678588
464 33.45145736735546
464 18.33030277982336
464 99.87492177719089
464 89.59910713840847
464 30.199337741082996
464 49.1121166312347
464 19.974984355438178
464 88.3855191759374
464 53.693575034635195
464 67.50555532695068
464 52.848841046895245
464 39.153543900903784
464 70.92954250522133
464 72.06247289678588
464 29.999999999999996
464 43.266615305567875
464 63.85138996137829
464 79.61783719745218
464 115.65898149300814
464 64.36614016701638
464 24.55605831561735
464 13.076696830622021
464 59.77457653551382
464 24.43358344574123
464 22.516660498395403
464 22.715633383201094
464 109.99545445153632
464 43.508619835614184
464 65.81793068761733
464 47.46577714522327
464 57.105166141076936
464 78.24960063795854
464 108.49884792015075
464 87.48142660016468
464 53.99999999999999
464 72.51896303726357
464 79.50471684120383
464 106.61613386350116
464 66.09084656743322
464 52.16320542297991
464 61.212743771211564
464 64.78425734698207
464 50.99999999999999
464 40.50925820105819
464 42.035699113967404
464 28.930952282978865
464 107.09341716464182
464 80.66597795849252
464 64.96922348312314
464 74.5385806143369
464 54.74486277268398
464 78.01922839915811
464 68.82586723027906
464 42.883563284783136
464 33.45145736735546
464 99.51381813597547
464 64.64518543557594
464 42.67317658670374
464 102.22035022440492
464 78.63205453248695
464 121.94670967270909
464 51.64300533470143
464 43.266615305567875
464 90.598013223249
464 69.34695379034324
464 36.29049462324811
464 89.71621926942753
464 27.874719729532707
464 118.27510304370908
464 67.8159273327439
464 42.567593307585526
464 58.19793810780584
464 59.77457653551382
464 21.283796653792763
464 78.93668348746354
464 131.14495796636635
465 87.17797887081348
465 10.44030650891055
465 85.8079250419214
465 35.510561809129406
465 47.031904065219386
465 14.730919862656235
465 65.18435395092905
465 74.50503338701353
465 40.59556626036888
465 84.85870609430714
465 31.432467291003423
465 61.73329733620261
465 31.0
465 29.206163733020468
465 56.45352070508977
465 80.46738469715541
465 55.48873759602033
465 24.758836806279895
465 97.6165969494942
465 48.507731342539614
465 54.80875842417888
465 36.38681079732051
465 13.45362404707371
